Run Number,Event Number,Plot Time (Time axis of TAPlot),Detector Time (detectors internal clock),OfficialTime (run time),CutsType0,CutsType1,CutsType2,Vertex Status,X,Y,Z,Number of Helices,Number of Tracks
68475,563889,0.065416,35146.581466,35146.688424,1, 0, 0, 1,7.938601,1.451352,4.072503,-1,2
68475,563890,0.066956,35146.583006,35146.689965,1, 0, 0, 1,-6.034464,-1.054664,-15.562046,-1,2
68475,563891,0.137347,35146.653397,35146.760356,0, 0, 0, 0,-99.000000,-99.000000,-99.000000,-1,1
68475,563892,0.302417,35146.818467,35146.925425,0, 0, 0, 0,-99.000000,-99.000000,-99.000000,-1,1
68475,563893,0.388354,35146.904404,35147.011363,0, 0, 0, 0,-99.000000,-99.000000,-99.000000,-1,1
68475,563894,0.513228,35147.029278,35147.136237,1, 0, 0, 1,0.457276,4.290846,-20.153888,-1,2
68475,563895,0.531435,35147.047485,35147.154444,1, 0, 0, 1,-1.098345,-1.377054,10.992537,-1,2
68475,563896,0.568263,35147.084313,35147.191272,0, 0, 0, 0,-99.000000,-99.000000,-99.000000,-1,1
68475,563897,0.716190,35147.232239,35147.339199,0, 0, 0, 0,-99.000000,-99.000000,-99.000000,-1,0
68475,563898,0.807604,35147.323653,35147.430613,1, 0, 0, 1,6.191798,5.637446,8.435331,-1,2
68475,563899,1.241170,35147.757218,35147.864179,0, 0, 0, 0,-99.000000,-99.000000,-99.000000,-1,0
68475,563900,1.406333,35147.922381,35148.029342,0, 0, 0, 0,-99.000000,-99.000000,-99.000000,-1,1
68475,563901,1.456649,35147.972697,35148.079658,0, 0, 0, 0,-99.000000,-99.000000,-99.000000,-1,0
68475,563902,1.508539,35148.024586,35148.131547,0, 0, 0, 0,-99.000000,-99.000000,-99.000000,-1,1
68475,563903,1.528578,35148.044625,35148.151587,0, 0, 0, 0,-99.000000,-99.000000,-99.000000,-1,1
68475,563904,1.565517,35148.081564,35148.188526,1, 0, 0, 1,7.233126,0.454805,0.421916,-1,2
68475,563905,1.788056,35148.304103,35148.411065,1, 0, 0, 1,-0.669005,5.853338,-14.045983,-1,2
68475,563906,1.789750,35148.305797,35148.412759,1, 0, 0, 1,9.413235,1.843234,10.547980,-1,2
68475,563907,1.857196,35148.373243,35148.480205,0, 0, 0, 0,-99.000000,-99.000000,-99.000000,-1,0
68475,564173,0.211006,35177.087437,35177.194458,1, 0, 0, 1,1.836443,0.564401,-12.850722,-1,2
68475,564174,0.211641,35177.088073,35177.195094,0, 0, 0, 0,-99.000000,-99.000000,-99.000000,-1,1
68475,564175,0.214457,35177.090888,35177.197909,1, 0, 0, 1,2.814828,6.132446,9.064252,-1,2
68475,564176,0.306319,35177.182750,35177.289771,1, 0, 0, 1,2.708631,-0.235515,-10.987334,-1,2
68475,564177,0.330618,35177.207049,35177.314070,0, 0, 0, 0,-99.000000,-99.000000,-99.000000,-1,0
68475,564178,0.378531,35177.254962,35177.361983,0, 0, 0, 0,-99.000000,-99.000000,-99.000000,-1,0
68475,564179,0.396059,35177.272491,35177.379512,0, 0, 0, 0,-99.000000,-99.000000,-99.000000,-1,0
68475,564180,0.687002,35177.563433,35177.670455,0, 0, 0, 0,-99.000000,-99.000000,-99.000000,-1,1
68475,564181,1.018361,35177.894791,35178.001814,1, 0, 0, 1,-7.061609,-2.850369,-0.306307,-1,2
68475,564182,1.116585,35177.993015,35178.100038,1, 0, 0, 1,3.172746,6.832604,-3.258730,-1,2
68475,564183,1.260695,35178.137124,35178.244147,1, 0, 0, 1,-0.357520,-4.086089,18.555557,-1,2
68475,564184,1.374820,35178.251249,35178.358272,1, 0, 0, 1,9.692081,8.309254,5.637425,-1,2
68475,564185,1.491597,35178.368027,35178.475050,0, 0, 0, 0,-99.000000,-99.000000,-99.000000,-1,1
68475,564186,1.519490,35178.395919,35178.502942,1, 0, 0, 1,-7.591317,0.196427,-17.992222,-1,2
68475,564187,1.695700,35178.572129,35178.679153,0, 0, 0, 0,-99.000000,-99.000000,-99.000000,-1,1
68475,564188,1.922008,35178.798437,35178.905461,0, 0, 0, 0,-99.000000,-99.000000,-99.000000,-1,1
68475,564227,0.225194,35183.226961,35183.333994,0, 0, 0, 0,-99.000000,-99.000000,-99.000000,-1,1
68475,564228,0.303547,35183.305313,35183.412347,1, 0, 0, 1,3.541898,1.601065,15.300117,-1,2
68475,564229,0.498922,35183.500688,35183.607722,0, 0, 0, 0,-99.000000,-99.000000,-99.000000,-1,0
68475,564230,0.527798,35183.529564,35183.636598,0, 0, 0, 0,-99.000000,-99.000000,-99.000000,-1,1
68475,564231,0.696306,35183.698072,35183.805106,1, 0, 0, 1,-2.639588,-0.436049,5.121780,-1,3
68475,564232,0.763976,35183.765741,35183.872776,1, 0, 0, 1,-1.411916,2.407187,-2.241875,-1,2
68475,564233,0.962035,35183.963800,35184.070835,1, 0, 0, 1,-5.191320,7.429926,-1.354286,-1,2
68475,564234,1.073909,35184.075674,35184.182709,0, 0, 0, 0,-99.000000,-99.000000,-99.000000,-1,1
68475,564235,1.320488,35184.322253,35184.429288,1, 0, 0, 1,4.660260,1.161824,9.389252,-1,2
68475,564236,1.427885,35184.429650,35184.536685,1, 0, 0, 1,-0.963362,4.777313,7.634998,-1,2
68475,564237,1.446038,35184.447802,35184.554838,1, 0, 0, 1,-6.690236,4.835665,-5.916051,-1,2
68475,564238,1.727799,35184.729562,35184.836599,1, 0, 0, 1,6.216874,-0.314575,16.312001,-1,2
68475,564239,1.741110,35184.742874,35184.849910,1, 0, 0, 1,-1.913890,-3.989113,-8.352037,-1,2
68475,564240,1.845557,35184.847320,35184.954357,0, 0, 0, 0,-99.000000,-99.000000,-99.000000,-1,1
68475,564493,0.052354,35213.414502,35213.521597,1, 0, 0, 1,-0.864052,-4.625657,-17.120485,-1,3
68475,564494,0.378727,35213.740874,35213.847970,1, 0, 0, 1,5.434835,7.620234,13.614128,-1,2
68475,564495,0.461295,35213.823443,35213.930539,0, 0, 0, 0,-99.000000,-99.000000,-99.000000,-1,1
68475,564496,0.465301,35213.827449,35213.934545,1, 0, 0, 1,-0.990465,0.385596,18.850920,-1,2
68475,564497,0.514072,35213.876219,35213.983315,1, 0, 0, 1,1.501224,3.332625,17.968221,-1,2
68475,564498,0.544154,35213.906302,35214.013398,0, 0, 0, 0,-99.000000,-99.000000,-99.000000,-1,1
68475,564499,0.640446,35214.002594,35214.109690,1, 0, 0, 1,2.726549,-9.714362,7.232034,-1,2
68475,564500,0.662372,35214.024520,35214.131616,0, 0, 0, 0,-99.000000,-99.000000,-99.000000,-1,1
68475,564501,0.688310,35214.050457,35214.157554,1, 0, 0, 1,7.273161,-3.457497,-15.872786,-1,2
68475,564502,0.767832,35214.129979,35214.237076,1, 0, 0, 1,3.075705,-6.491955,9.107025,-1,2
68475,564503,0.824694,35214.186841,35214.293937,1, 0, 0, 1,-3.657407,-0.706229,12.527979,-1,2
68475,564504,0.848626,35214.210772,35214.317869,0, 0, 0, 0,-99.000000,-99.000000,-99.000000,-1,1
68475,564505,1.247666,35214.609812,35214.716910,1, 0, 0, 1,-1.343578,12.443926,12.654656,-1,2
68475,564506,1.272941,35214.635087,35214.742185,1, 0, 0, 1,4.270883,4.366034,7.590380,-1,2
68475,564507,1.333150,35214.695295,35214.802393,0, 0, 0, 0,-99.000000,-99.000000,-99.000000,-1,1
68475,564508,1.453422,35214.815568,35214.922666,0, 0, 0, 0,-99.000000,-99.000000,-99.000000,-1,1
68475,564509,1.700808,35215.062953,35215.170051,0, 0, 0, 0,-99.000000,-99.000000,-99.000000,-1,1
68475,564510,1.814375,35215.176520,35215.283619,0, 0, 0, 0,-99.000000,-99.000000,-99.000000,-1,1
68475,564511,1.825976,35215.188121,35215.295219,0, 0, 0, 0,-99.000000,-99.000000,-99.000000,-1,1
68475,564659,0.001417,35231.843652,35231.950785,0, 0, 0, 0,-99.000000,-99.000000,-99.000000,-1,1
68475,564660,0.422920,35232.265154,35232.372288,1, 0, 0, 1,2.338122,-2.143685,14.288896,-1,2
68475,564661,0.443911,35232.286145,35232.393279,0, 0, 0, 0,-99.000000,-99.000000,-99.000000,-1,1
68475,564662,0.548546,35232.390780,35232.497914,1, 0, 0, 1,-1.306114,-3.621938,-8.536496,-1,2
68475,564663,0.856482,35232.698716,35232.805851,0, 0, 0, 0,-99.000000,-99.000000,-99.000000,-1,1
68475,564664,0.886440,35232.728674,35232.835808,1, 0, 0, 1,2.462641,-4.567020,4.053463,-1,2
68475,564665,0.892452,35232.734686,35232.841820,1, 0, 0, 1,-4.289713,-5.416156,12.569078,-1,2
68475,564666,0.897339,35232.739572,35232.846707,0, 0, 0, 0,-99.000000,-99.000000,-99.000000,-1,1
68475,564667,0.998163,35232.840396,35232.947531,1, 0, 0, 1,5.426005,1.171787,12.871819,-1,2
68475,564668,1.044401,35232.886635,35232.993770,1, 0, 0, 1,-2.847185,2.942251,-20.686141,-1,2
68475,564669,1.044463,35232.886696,35232.993831,1, 0, 0, 1,-4.645149,9.999996,6.340627,-1,3
68475,564670,1.050979,35232.893213,35233.000348,1, 0, 0, 1,8.777862,8.261999,1.571472,-1,2
68475,564671,1.283144,35233.125377,35233.232513,1, 0, 0, 1,-2.889582,12.484613,-1.507588,-1,2
68475,564672,1.285181,35233.127413,35233.234549,1, 0, 0, 1,-1.213743,6.756354,-1.655880,-1,2
68475,564673,1.385688,35233.227920,35233.335056,0, 0, 0, 0,-99.000000,-99.000000,-99.000000,-1,1
68475,564674,1.618580,35233.460812,35233.567948,1, 0, 0, 1,-3.948039,2.300342,7.616245,-1,2
68475,564675,1.810342,35233.652574,35233.759710,1, 0, 0, 1,3.841963,-4.355591,-10.946082,-1,2
68475,564676,1.823503,35233.665735,35233.772871,0, 0, 0, 0,-99.000000,-99.000000,-99.000000,-1,1
68475,564987,0.203156,35262.405773,35262.512968,1, 0, 0, 1,3.876306,1.020366,-4.239360,-1,2
68475,564988,0.240117,35262.442734,35262.549929,1, 0, 0, 1,7.955401,-4.981469,4.161925,-1,2
68475,564989,0.246531,35262.449148,35262.556343,1, 0, 0, 1,5.977792,-1.997000,13.982045,-1,2
68475,564990,0.445518,35262.648134,35262.755330,0, 0, 0, 0,-99.000000,-99.000000,-99.000000,-1,0
68475,564991,0.474451,35262.677067,35262.784263,1, 0, 0, 1,5.380336,1.137792,0.651421,-1,2
68475,564992,0.508700,35262.711316,35262.818512,1, 0, 0, 1,-5.132353,-0.896033,-4.261813,-1,2
68475,564993,0.558237,35262.760853,35262.868049,1, 0, 0, 1,4.727386,-6.528333,17.096531,-1,2
68475,564994,0.662235,35262.864851,35262.972047,0, 0, 0, 0,-99.000000,-99.000000,-99.000000,-1,1
68475,564995,0.759714,35262.962330,35263.069526,0, 0, 0, 0,-99.000000,-99.000000,-99.000000,-1,0
68475,564996,0.846360,35263.048975,35263.156172,1, 0, 0, 1,3.494550,1.107767,9.984191,-1,2
68475,564997,0.941916,35263.144531,35263.251728,1, 0, 0, 1,4.536690,6.116554,8.377108,-1,3
68475,564998,1.000102,35263.202718,35263.309914,0, 0, 0, 0,-99.000000,-99.000000,-99.000000,-1,0
68475,564999,1.211915,35263.414530,35263.521727,0, 0, 0, 0,-99.000000,-99.000000,-99.000000,-1,1
68475,565000,1.378192,35263.580806,35263.688004,1, 0, 0, 1,-1.030336,-6.873486,16.442371,-1,2
68475,565001,1.463090,35263.665704,35263.772902,1, 0, 0, 1,3.793449,-1.848153,-17.984900,-1,2
68475,565002,1.827883,35264.030497,35264.137695,1, 0, 0, 1,9.682351,-4.182270,10.618946,-1,2
68475,565003,1.907408,35264.110021,35264.217220,1, 0, 0, 1,3.335738,5.840101,16.093279,-1,2
68475,565004,1.968610,35264.171224,35264.278422,1, 0, 0, 1,-2.104396,0.396680,-17.742523,-1,2
68475,565042,0.082715,35268.410689,35268.517896,1, 0, 0, 1,8.894548,0.660715,-14.959425,-1,2
68475,565043,0.176606,35268.504579,35268.611787,0, 0, 0, 0,-99.000000,-99.000000,-99.000000,-1,1
68475,565044,0.177015,35268.504989,35268.612196,0, 0, 0, 0,-99.000000,-99.000000,-99.000000,-1,1
68475,565045,0.270956,35268.598929,35268.706137,0, 0, 0, 0,-99.000000,-99.000000,-99.000000,-1,0
68475,565046,0.286598,35268.614571,35268.721779,1, 0, 0, 1,3.283229,-10.379287,15.836250,-1,2
68475,565047,0.385965,35268.713938,35268.821146,0, 0, 0, 0,-99.000000,-99.000000,-99.000000,-1,1
68475,565048,0.541947,35268.869920,35268.977128,0, 0, 0, 0,-99.000000,-99.000000,-99.000000,-1,1
68475,565049,0.618689,35268.946661,35269.053870,1, 0, 0, 1,-2.641577,3.239195,13.112351,-1,2
68475,565050,0.757927,35269.085899,35269.193108,1, 0, 0, 1,1.516782,1.911528,-20.877812,-1,3
68475,565051,0.771747,35269.099719,35269.206928,0, 0, 0, 0,-99.000000,-99.000000,-99.000000,-1,0
68475,565052,0.808470,35269.136442,35269.243651,0, 0, 0, 0,-99.000000,-99.000000,-99.000000,-1,1
68475,565053,0.987447,35269.315418,35269.422628,0, 0, 0, 0,-99.000000,-99.000000,-99.000000,-1,1
68475,565054,1.002262,35269.330233,35269.437443,1, 0, 0, 1,-8.936879,8.486333,-10.303733,-1,2
68475,565055,1.069614,35269.397585,35269.504795,1, 0, 0, 1,3.462365,-6.041590,12.232087,-1,2
68475,565056,1.171829,35269.499800,35269.607010,1, 0, 0, 1,3.163645,-0.236814,1.339525,-1,2
68475,565057,1.353253,35269.681224,35269.788434,1, 0, 0, 1,-4.111718,0.564578,-6.163823,-1,2
68475,565058,1.603356,35269.931327,35270.038537,1, 0, 0, 1,3.514473,-0.073260,-9.347059,-1,2
68475,565059,1.662920,35269.990890,35270.098101,1, 0, 0, 1,-3.541952,-1.571961,-5.143892,-1,2
68475,565060,1.713034,35270.041004,35270.148215,0, 0, 0, 0,-99.000000,-99.000000,-99.000000,-1,1
68475,565061,1.805229,35270.133199,35270.240410,0, 0, 0, 0,-99.000000,-99.000000,-99.000000,-1,1
68475,565062,1.805751,35270.133721,35270.240932,1, 0, 0, 1,2.604313,-6.250668,8.884435,-1,2
68475,565063,1.938655,35270.266625,35270.373836,1, 0, 0, 1,-5.004734,-7.715474,9.048069,-1,2
68475,565064,1.957597,35270.285567,35270.392778,1, 0, 0, 1,7.294246,-2.382120,-18.225918,-1,2
68475,565323,0.012724,35298.701079,35298.808348,1, 0, 0, 1,-7.847503,1.707819,11.165045,-1,2
68475,565324,0.108445,35298.796800,35298.904070,0, 0, 0, 0,-99.000000,-99.000000,-99.000000,-1,1
68475,565325,0.187406,35298.875761,35298.983030,0, 0, 0, 0,-99.000000,-99.000000,-99.000000,-1,0
68475,565326,0.229035,35298.917390,35299.024660,0, 0, 0, 0,-99.000000,-99.000000,-99.000000,-1,1
68475,565327,0.230786,35298.919141,35299.026410,0, 0, 0, 0,-99.000000,-99.000000,-99.000000,-1,1
68475,565328,0.335894,35299.024248,35299.131518,1, 1, 0, 1,-0.413842,3.725365,15.610919,-1,3
68475,565329,0.342099,35299.030454,35299.137724,1, 0, 0, 1,4.479951,5.079837,-16.678092,-1,2
68475,565330,0.413308,35299.101662,35299.208932,0, 0, 0, 0,-99.000000,-99.000000,-99.000000,-1,1
68475,565331,0.873932,35299.562286,35299.669557,0, 0, 0, 0,-99.000000,-99.000000,-99.000000,-1,1
68475,565332,1.283331,35299.971683,35300.078955,0, 0, 0, 0,-99.000000,-99.000000,-99.000000,-1,0
68475,565333,1.432942,35300.121295,35300.228567,1, 0, 0, 1,3.079171,-2.341486,-9.857364,-1,2
68475,565334,1.439612,35300.127965,35300.235237,0, 0, 0, 0,-99.000000,-99.000000,-99.000000,-1,1
68475,565335,1.483126,35300.171478,35300.278750,1, 0, 0, 1,2.622232,-5.540481,5.611402,-1,2
68475,565336,1.669859,35300.358211,35300.465484,1, 0, 0, 1,2.283683,0.708472,4.729233,-1,2
68475,565337,1.936520,35300.624872,35300.732145,0, 0, 0, 0,-99.000000,-99.000000,-99.000000,-1,1
68475,567351,0.104464,35516.619144,35516.726858,1, 0, 0, 1,-4.384043,1.141856,21.159538,-1,2
68475,567352,0.113811,35516.628491,35516.736205,1, 0, 0, 1,0.847637,2.440177,7.127328,-1,2
68475,567353,0.115439,35516.630119,35516.737832,0, 0, 0, 0,-99.000000,-99.000000,-99.000000,-1,0
68475,567354,0.232179,35516.746860,35516.854573,1, 0, 0, 1,2.314000,-1.095667,15.799950,-1,2
68475,567355,0.276496,35516.791176,35516.898890,1, 0, 0, 1,1.720784,1.389764,-7.876263,-1,2
68475,567356,0.620321,35517.135001,35517.242715,0, 0, 0, 0,-99.000000,-99.000000,-99.000000,-1,0
68475,567357,0.688409,35517.203089,35517.310803,1, 0, 0, 1,0.925199,-0.068691,4.426388,-1,2
68475,567358,0.726492,35517.241171,35517.348885,1, 0, 0, 1,5.994157,-5.464879,22.633415,-1,2
68475,567359,0.754187,35517.268866,35517.376580,1, 0, 0, 1,-2.106804,-6.789537,10.888346,-1,2
68475,567360,0.803250,35517.317929,35517.425644,0, 0, 0, 0,-99.000000,-99.000000,-99.000000,-1,0
68475,567361,0.826224,35517.340903,35517.448618,1, 0, 0, 1,-1.616603,2.509164,-9.115082,-1,2
68475,567362,0.875842,35517.390521,35517.498236,0, 0, 0, 0,-99.000000,-99.000000,-99.000000,-1,0
68475,567363,0.887319,35517.401998,35517.509713,0, 0, 0, 0,-99.000000,-99.000000,-99.000000,-1,1
68475,567364,1.058590,35517.573269,35517.680984,1, 0, 0, 1,-1.407447,4.952101,-12.988057,-1,2
68475,567365,1.067412,35517.582091,35517.689806,0, 0, 0, 0,-99.000000,-99.000000,-99.000000,-1,1
68475,567366,1.161259,35517.675937,35517.783653,1, 0, 0, 1,-8.450582,-4.298635,-5.529808,-1,2
68475,567367,1.299430,35517.814107,35517.921823,1, 0, 0, 1,-1.352134,6.660402,21.914727,-1,2
68475,567368,1.728989,35518.243666,35518.351383,1, 0, 0, 1,0.315714,2.411710,2.319179,-1,2
68475,567369,1.906603,35518.421279,35518.528996,1, 0, 0, 1,-4.974274,-1.465229,-13.184499,-1,2
68475,567370,1.951902,35518.466578,35518.574295,0, 0, 0, 0,-99.000000,-99.000000,-99.000000,-1,0
68475,567371,1.991502,35518.506178,35518.613896,0, 0, 0, 0,-99.000000,-99.000000,-99.000000,-1,0
68475,567640,0.043285,35546.918347,35547.026123,0, 0, 0, 0,-99.000000,-99.000000,-99.000000,-1,1
68475,567641,0.135781,35547.010843,35547.118619,1, 0, 0, 1,6.547986,9.415668,-4.794430,-1,2
68475,567642,0.172795,35547.047857,35547.155633,0, 0, 0, 0,-99.000000,-99.000000,-99.000000,-1,0
68475,567643,0.298776,35547.173838,35547.281614,0, 0, 0, 0,-99.000000,-99.000000,-99.000000,-1,1
68475,567644,0.304356,35547.179418,35547.287193,0, 0, 0, 0,-99.000000,-99.000000,-99.000000,-1,1
68475,567645,0.380953,35547.256015,35547.363791,1, 0, 0, 1,-8.697843,-0.586925,9.799167,-1,2
68475,567646,0.503934,35547.378996,35547.486772,1, 0, 0, 1,6.601392,-2.228383,-3.714413,-1,2
68475,567647,0.659542,35547.534603,35547.642380,1, 0, 0, 1,3.715535,3.348014,2.143160,-1,2
68475,567648,0.715804,35547.590865,35547.698642,1, 0, 0, 1,2.949221,6.986492,11.189413,-1,2
68475,567649,0.763263,35547.638324,35547.746101,1, 0, 0, 1,0.688936,-8.778463,11.733325,-1,2
68475,567650,0.855119,35547.730180,35547.837957,1, 0, 0, 1,2.685509,2.054052,16.498969,-1,2
68475,567651,1.033248,35547.908308,35548.016085,1, 0, 0, 1,-3.926375,-2.728474,2.571192,-1,2
68475,567652,1.070187,35547.945248,35548.053025,0, 0, 0, 0,-99.000000,-99.000000,-99.000000,-1,0
68475,567653,1.431346,35548.306406,35548.414184,0, 0, 0, 0,-99.000000,-99.000000,-99.000000,-1,1
68475,567654,1.477375,35548.352435,35548.460213,0, 0, 0, 0,-99.000000,-99.000000,-99.000000,-1,0
68475,567655,1.804633,35548.679692,35548.787471,1, 0, 0, 1,-6.449909,-0.556781,4.337810,-1,2
68475,567656,1.956959,35548.832017,35548.939796,0, 0, 0, 0,-99.000000,-99.000000,-99.000000,-1,1
68475,567706,0.263640,35553.264842,35553.372630,0, 0, 0, 0,-99.000000,-99.000000,-99.000000,-1,1
68475,567707,0.304331,35553.305533,35553.413321,1, 0, 0, 1,0.019779,3.958254,-2.204526,-1,2
68475,567708,0.428907,35553.430108,35553.537897,0, 0, 0, 0,-99.000000,-99.000000,-99.000000,-1,1
68475,567709,0.569466,35553.570667,35553.678456,0, 0, 0, 0,-99.000000,-99.000000,-99.000000,-1,1
68475,567710,0.895676,35553.896876,35554.004666,1, 0, 0, 1,-2.181862,0.353910,17.082799,-1,2
68475,567711,0.912820,35553.914020,35554.021809,1, 0, 0, 1,5.159908,-1.337266,1.981786,-1,2
68475,567712,1.100436,35554.101636,35554.209426,0, 0, 0, 0,-99.000000,-99.000000,-99.000000,-1,1
68475,567713,1.139530,35554.140730,35554.248520,1, 0, 0, 1,2.053528,-3.600710,7.208658,-1,2
68475,567714,1.235228,35554.236427,35554.344218,0, 0, 0, 0,-99.000000,-99.000000,-99.000000,-1,0
68475,567715,1.365004,35554.366204,35554.473994,1, 0, 0, 1,6.921450,-3.391397,0.248347,-1,2
68475,567716,1.599084,35554.600283,35554.708074,1, 0, 0, 1,1.241610,-1.151078,-3.111085,-1,2
68475,567717,1.634950,35554.636149,35554.743940,1, 0, 0, 1,-7.011412,-0.297569,-19.658847,-1,2
68475,567718,1.760302,35554.761501,35554.869292,1, 0, 0, 1,5.334932,0.166294,-15.883295,-1,2
68475,567719,1.818104,35554.819302,35554.927094,1, 0, 0, 1,3.036240,0.522029,14.501022,-1,2
68475,567720,1.844136,35554.845335,35554.953126,0, 0, 0, 0,-99.000000,-99.000000,-99.000000,-1,1
68475,567721,1.991208,35554.992406,35555.100198,0, 0, 0, 0,-99.000000,-99.000000,-99.000000,-1,1
68475,567987,0.071144,35583.432728,35583.540578,1, 0, 0, 1,-0.835382,3.130847,-11.820219,-1,2
68475,567988,0.258221,35583.619805,35583.727655,1, 0, 0, 1,-6.836003,3.112974,10.362001,-1,2
68475,567989,0.261566,35583.623149,35583.731000,0, 0, 0, 0,-99.000000,-99.000000,-99.000000,-1,0
68475,567990,0.519650,35583.881232,35583.989083,0, 0, 0, 0,-99.000000,-99.000000,-99.000000,-1,1
68475,567991,0.865513,35584.227095,35584.334947,1, 0, 0, 1,1.986493,0.995406,-2.645244,-1,2
68475,567992,0.935832,35584.297414,35584.405265,0, 0, 0, 0,-99.000000,-99.000000,-99.000000,-1,1
68475,567993,1.118469,35584.480051,35584.587903,1, 0, 0, 1,1.211665,1.065303,14.257292,-1,2
68475,567994,1.379303,35584.740884,35584.848737,1, 0, 0, 1,-8.646413,0.350120,5.146757,-1,2
68475,567995,1.403918,35584.765499,35584.873352,1, 0, 0, 1,-7.943429,0.773138,-0.051533,-1,2
68475,567996,1.752834,35585.114415,35585.222268,1, 0, 0, 1,3.228532,-8.123051,-12.948460,-1,2
68475,567997,1.818561,35585.180141,35585.287994,1, 0, 0, 1,7.772674,5.062497,10.658543,-1,2
68475,567998,1.977811,35585.339391,35585.447245,1, 0, 0, 1,-5.590427,1.068098,16.476358,-1,2
68475,568152,0.007858,35601.854597,35601.962485,1, 0, 0, 1,-4.059947,1.671220,5.546423,-1,2
68475,568153,0.051439,35601.898178,35602.006066,1, 0, 0, 1,2.960956,0.597856,6.934410,-1,2
68475,568154,0.122140,35601.968879,35602.076767,1, 0, 0, 1,-7.817503,3.868464,10.140534,-1,2
68475,568155,0.258990,35602.105729,35602.213617,0, 0, 0, 0,-99.000000,-99.000000,-99.000000,-1,1
68475,568156,0.362410,35602.209148,35602.317036,1, 0, 0, 1,-4.417714,5.032212,4.612283,-1,2
68475,568157,0.381188,35602.227926,35602.335814,1, 0, 0, 1,3.372278,-1.550317,6.420845,-1,2
68475,568158,0.422383,35602.269121,35602.377009,1, 0, 0, 1,3.234110,5.609022,-11.392916,-1,2
68475,568159,0.632420,35602.479157,35602.587046,0, 0, 0, 0,-99.000000,-99.000000,-99.000000,-1,1
68475,568160,0.693963,35602.540700,35602.648589,1, 0, 0, 1,-8.433711,-6.146166,-10.564460,-1,2
68475,568161,0.729922,35602.576660,35602.684549,0, 0, 0, 0,-99.000000,-99.000000,-99.000000,-1,1
68475,568162,0.730339,35602.577076,35602.684965,0, 0, 0, 0,-99.000000,-99.000000,-99.000000,-1,1
68475,568163,0.839546,35602.686284,35602.794173,0, 0, 0, 0,-99.000000,-99.000000,-99.000000,-1,1
68475,568164,0.867130,35602.713867,35602.821756,0, 0, 0, 0,-99.000000,-99.000000,-99.000000,-1,1
68475,568165,0.872805,35602.719542,35602.827432,0, 0, 0, 0,-99.000000,-99.000000,-99.000000,-1,0
68475,568166,1.076701,35602.923437,35603.031327,0, 0, 0, 0,-99.000000,-99.000000,-99.000000,-1,1
68475,568167,1.223129,35603.069865,35603.177755,1, 0, 0, 1,-1.288444,7.847968,-14.473007,-1,2
68475,568168,1.402479,35603.249216,35603.357106,1, 0, 0, 1,7.569293,6.158784,3.886882,-1,2
68475,568169,1.613950,35603.460686,35603.568576,0, 0, 0, 0,-99.000000,-99.000000,-99.000000,-1,1
68475,568170,1.742223,35603.588959,35603.696850,0, 0, 0, 0,-99.000000,-99.000000,-99.000000,-1,1
68475,568171,1.747876,35603.594612,35603.702503,1, 0, 0, 1,2.480762,2.393868,-1.104207,-1,3
68475,568172,1.988486,35603.835221,35603.943113,0, 0, 0, 0,-99.000000,-99.000000,-99.000000,-1,1
68475,568438,0.335408,35632.542528,35632.650478,1, 0, 0, 1,-3.811933,-2.710306,-1.203532,-1,2
68475,568439,0.383071,35632.590191,35632.698141,0, 0, 0, 0,-99.000000,-99.000000,-99.000000,-1,1
68475,568440,0.390973,35632.598092,35632.706043,1, 0, 0, 1,12.406790,-8.416601,6.865451,-1,2
68475,568441,0.395430,35632.602550,35632.710500,0, 0, 0, 0,-99.000000,-99.000000,-99.000000,-1,1
68475,568442,0.517422,35632.724542,35632.832492,1, 0, 0, 1,-6.080566,-0.137455,3.571309,-1,2
68475,568443,0.523887,35632.731007,35632.838957,0, 0, 0, 0,-99.000000,-99.000000,-99.000000,-1,1
68475,568444,0.686157,35632.893276,35633.001227,0, 0, 0, 0,-99.000000,-99.000000,-99.000000,-1,1
68475,568445,0.784075,35632.991195,35633.099145,0, 0, 0, 0,-99.000000,-99.000000,-99.000000,-1,1
68475,568446,0.829276,35633.036395,35633.144346,1, 0, 0, 1,7.423753,-8.030023,-2.754387,-1,2
68475,568447,0.934129,35633.141248,35633.249199,1, 0, 0, 1,-3.368865,3.374171,-11.846003,-1,2
68475,568448,1.252252,35633.459370,35633.567322,1, 0, 0, 1,-3.465219,0.727233,19.168631,-1,2
68475,568449,1.301813,35633.508931,35633.616883,1, 0, 0, 1,-7.263093,-0.957971,-16.874247,-1,2
68475,568450,1.315858,35633.522976,35633.630928,1, 0, 0, 1,-0.000974,-3.267267,-6.921316,-1,2
68475,568451,1.335236,35633.542354,35633.650306,1, 0, 0, 1,2.730561,5.745694,-15.065308,-1,2
68475,568452,1.348840,35633.555958,35633.663910,1, 0, 0, 1,7.530648,6.317448,-8.850334,-1,2
68475,568453,1.446229,35633.653347,35633.761299,1, 0, 0, 1,-2.864396,0.807020,14.811915,-1,2
68475,568454,1.476320,35633.683438,35633.791390,0, 0, 0, 0,-99.000000,-99.000000,-99.000000,-1,1
68475,568455,1.511969,35633.719087,35633.827039,1, 0, 0, 1,-8.209475,-1.252488,-20.075724,-1,2
68475,568456,1.960912,35634.168029,35634.275982,0, 0, 0, 0,-99.000000,-99.000000,-99.000000,-1,1
68475,568457,1.971248,35634.178365,35634.286318,0, 0, 0, 0,-99.000000,-99.000000,-99.000000,-1,1
68475,568492,0.293140,35638.625561,35638.733523,0, 0, 0, 0,-99.000000,-99.000000,-99.000000,-1,1
68475,568493,0.375120,35638.707540,35638.815502,1, 0, 0, 1,-1.498039,6.437275,5.577026,-1,2
68475,568494,0.458108,35638.790529,35638.898491,1, 0, 0, 1,-1.363374,2.497060,-10.730961,-1,2
68475,568495,0.506108,35638.838528,35638.946491,1, 0, 0, 1,-2.774280,-6.391897,5.705929,-1,2
68475,568496,0.667394,35638.999814,35639.107777,0, 0, 0, 0,-99.000000,-99.000000,-99.000000,-1,1
68475,568497,0.672843,35639.005262,35639.113225,1, 0, 0, 1,5.363013,-3.411261,9.352160,-1,2
68475,568498,0.788902,35639.121321,35639.229284,1, 0, 0, 1,6.890173,-2.074568,-2.749191,-1,2
68475,568499,0.801553,35639.133972,35639.241935,0, 0, 0, 0,-99.000000,-99.000000,-99.000000,-1,1
68475,568500,0.949661,35639.282080,35639.390044,0, 0, 0, 0,-99.000000,-99.000000,-99.000000,-1,1
68475,568501,0.991873,35639.324292,35639.432256,0, 0, 0, 0,-99.000000,-99.000000,-99.000000,-1,0
68475,568502,1.008712,35639.341131,35639.449095,1, 0, 0, 1,8.772957,-0.401089,-10.161194,-1,2
68475,568503,1.183436,35639.515855,35639.623819,1, 0, 0, 1,-5.577695,2.241658,9.285928,-1,2
68475,568504,1.218784,35639.551203,35639.659167,1, 0, 0, 1,4.960457,-2.527637,-21.701162,-1,2
68475,568505,1.461175,35639.793593,35639.901557,0, 0, 0, 0,-99.000000,-99.000000,-99.000000,-1,1
68475,568506,1.555987,35639.888405,35639.996370,0, 0, 0, 0,-99.000000,-99.000000,-99.000000,-1,0
68475,568507,1.722739,35640.055157,35640.163122,1, 1, 0, 1,-1.015376,-2.006749,4.612973,-1,3
68475,568508,1.747477,35640.079894,35640.187859,1, 0, 0, 1,-8.038807,-0.520184,-15.372334,-1,2
68475,568509,1.797686,35640.130103,35640.238069,0, 0, 0, 0,-99.000000,-99.000000,-99.000000,-1,0
68475,568510,1.800421,35640.132839,35640.240804,1, 0, 0, 1,-4.219571,-3.000279,5.190455,-1,2
68475,568511,1.865247,35640.197665,35640.305630,1, 0, 0, 1,-7.360871,6.474756,1.612670,-1,2
68475,568512,1.894356,35640.226773,35640.334739,1, 0, 0, 1,-2.269942,8.623097,7.109075,-1,2
68475,568513,1.955648,35640.288065,35640.396031,1, 0, 0, 1,6.483818,0.428949,18.997288,-1,2
68475,568514,1.985759,35640.318176,35640.426142,1, 0, 0, 1,-7.749401,3.794005,-7.568059,-1,2
68475,568515,1.994656,35640.327073,35640.435039,1, 0, 0, 1,-3.411963,-2.084128,15.428684,-1,2
68475,568516,2.012892,35640.345309,35640.453275,0, 0, 0, 0,-99.000000,-99.000000,-99.000000,-1,0
68475,568792,0.100509,35668.793312,35668.901335,0, 0, 0, 0,-99.000000,-99.000000,-99.000000,-1,0
68475,568793,0.203205,35668.896007,35669.004031,1, 0, 0, 1,-6.087912,-3.380446,-9.947731,-1,2
68475,568794,0.204456,35668.897259,35669.005282,1, 0, 0, 1,-7.175248,-2.621169,-10.711030,-1,2
68475,568795,0.776095,35669.468896,35669.576921,0, 0, 0, 0,-99.000000,-99.000000,-99.000000,-1,1
68475,568796,0.928104,35669.620905,35669.728930,1, 0, 0, 1,6.389373,-1.040153,-19.314013,-1,2
68475,568797,0.930606,35669.623407,35669.731432,1, 0, 0, 1,1.293462,1.876444,7.529528,-1,2
68475,568798,1.090446,35669.783247,35669.891272,0, 0, 0, 0,-99.000000,-99.000000,-99.000000,-1,1
68475,568799,1.118971,35669.811771,35669.919797,0, 0, 0, 0,-99.000000,-99.000000,-99.000000,-1,1
68475,568800,1.207371,35669.900172,35670.008198,0, 0, 0, 0,-99.000000,-99.000000,-99.000000,-1,1
68475,568801,1.232946,35669.925747,35670.033772,0, 0, 0, 0,-99.000000,-99.000000,-99.000000,-1,1
68475,568802,1.298987,35669.991787,35670.099813,0, 0, 0, 0,-99.000000,-99.000000,-99.000000,-1,1
68475,568803,1.483487,35670.176287,35670.284313,1, 0, 0, 1,2.957052,3.205352,-19.211242,-1,2
68475,568804,1.546824,35670.239624,35670.347650,0, 0, 0, 0,-99.000000,-99.000000,-99.000000,-1,1
68475,568805,1.609125,35670.301924,35670.409951,1, 0, 0, 1,-0.014950,-3.422193,6.111687,-1,2
68475,568806,1.769671,35670.462470,35670.570497,1, 0, 0, 1,-7.533222,1.815090,-17.585633,-1,2
68475,568807,1.840553,35670.533352,35670.641379,1, 1, 0, 1,2.978688,1.427024,-12.748300,-1,5
68475,579889,0.014917,36849.183228,36849.293642,1, 0, 0, 1,-9.999981,0.088182,6.006495,-1,3
68475,579890,0.371803,36849.540114,36849.650528,1, 0, 0, 1,6.092827,-0.863137,-6.847915,-1,2
68475,579891,0.482153,36849.650464,36849.760878,0, 0, 0, 0,-99.000000,-99.000000,-99.000000,-1,1
68475,579892,0.528444,36849.696755,36849.807169,1, 0, 0, 1,6.411422,-2.523521,-12.174405,-1,2
68475,579893,0.701244,36849.869554,36849.979969,0, 0, 0, 0,-99.000000,-99.000000,-99.000000,-1,1
68475,579894,0.995248,36850.163557,36850.273973,1, 0, 0, 1,3.834438,2.217915,0.044737,-1,2
68475,579895,1.248997,36850.417306,36850.527722,1, 0, 0, 1,4.802699,0.065165,12.041414,-1,2
68475,579896,1.422417,36850.590725,36850.701141,1, 0, 0, 1,-2.569768,-3.952494,-15.451773,-1,2
68475,579897,1.543644,36850.711952,36850.822369,0, 0, 0, 0,-99.000000,-99.000000,-99.000000,-1,1
68475,579898,1.708808,36850.877116,36850.987533,0, 0, 0, 0,-99.000000,-99.000000,-99.000000,-1,1
68475,579899,1.892121,36851.060428,36851.170846,0, 0, 0, 0,-99.000000,-99.000000,-99.000000,-1,1
68475,579900,1.897084,36851.065391,36851.175809,1, 0, 0, 1,-4.626512,0.112147,17.921000,-1,2
68475,579901,1.991061,36851.159368,36851.269786,1, 0, 0, 1,0.663791,1.589711,13.103987,-1,2
68475,579902,2.012492,36851.180799,36851.291217,0, 0, 0, 0,-99.000000,-99.000000,-99.000000,-1,1
68475,579903,2.018173,36851.186481,36851.296898,1, 0, 0, 1,5.439135,3.845736,-1.139804,-1,2
68475,580202,0.069703,36879.598397,36879.708872,1, 0, 0, 1,1.255510,-1.147040,7.406522,-1,2
68475,580203,0.092197,36879.620890,36879.731365,0, 0, 0, 0,-99.000000,-99.000000,-99.000000,-1,1
68475,580204,0.095924,36879.624617,36879.735092,0, 0, 0, 0,-99.000000,-99.000000,-99.000000,-1,0
68475,580205,0.289077,36879.817769,36879.928245,0, 0, 0, 0,-99.000000,-99.000000,-99.000000,-1,1
68475,580206,0.349091,36879.877783,36879.988259,1, 0, 0, 1,-10.137779,0.338208,-17.455474,-1,2
68475,580207,0.357932,36879.886625,36879.997100,0, 0, 0, 0,-99.000000,-99.000000,-99.000000,-1,1
68475,580208,0.465109,36879.993802,36880.104277,1, 1, 1, 1,2.677879,-0.421419,3.006492,-1,3
68475,580209,0.558302,36880.086994,36880.197470,1, 0, 0, 1,1.430346,1.450370,9.627419,-1,2
68475,580210,0.590495,36880.119187,36880.229663,1, 0, 0, 1,3.710768,-4.878586,4.022673,-1,2
68475,580211,0.608163,36880.136855,36880.247331,0, 0, 0, 0,-99.000000,-99.000000,-99.000000,-1,1
68475,580212,0.622008,36880.150701,36880.261177,1, 0, 0, 1,-0.891226,-3.133307,18.936305,-1,2
68475,580213,0.752202,36880.280894,36880.391370,0, 0, 0, 0,-99.000000,-99.000000,-99.000000,-1,0
68475,580214,0.829349,36880.358040,36880.468517,0, 0, 0, 0,-99.000000,-99.000000,-99.000000,-1,1
68475,580215,0.934929,36880.463621,36880.574097,1, 0, 0, 1,4.985839,4.159850,18.854655,-1,2
68475,580216,0.960191,36880.488883,36880.599359,0, 0, 0, 0,-99.000000,-99.000000,-99.000000,-1,1
68475,580217,0.965300,36880.493991,36880.604468,0, 0, 0, 0,-99.000000,-99.000000,-99.000000,-1,1
68475,580218,0.968737,36880.497428,36880.607905,1, 0, 0, 1,3.835406,-1.239422,-7.695885,-1,2
68475,580219,1.005032,36880.533723,36880.644200,1, 0, 0, 1,8.064852,1.188300,7.406017,-1,2
68475,580220,1.021696,36880.550387,36880.660864,1, 0, 0, 1,1.715827,-4.480903,-11.969959,-1,2
68475,580221,1.040470,36880.569161,36880.679638,0, 0, 0, 0,-99.000000,-99.000000,-99.000000,-1,1
68475,580222,1.080321,36880.609012,36880.719489,0, 0, 0, 0,-99.000000,-99.000000,-99.000000,-1,1
68475,580223,1.182133,36880.710824,36880.821301,0, 0, 0, 0,-99.000000,-99.000000,-99.000000,-1,1
68475,580224,1.251061,36880.779752,36880.890229,1, 0, 0, 1,5.540681,-5.876913,-5.120639,-1,2
68475,580225,1.281357,36880.810048,36880.920526,1, 0, 0, 1,6.528380,5.227905,-2.069497,-1,2
68475,580226,1.585726,36881.114416,36881.224894,1, 0, 0, 1,-2.344281,-2.304477,-2.322426,-1,2
68475,580227,1.984949,36881.513639,36881.624117,0, 0, 0, 0,-99.000000,-99.000000,-99.000000,-1,0
68475,580228,2.021182,36881.549871,36881.660350,1, 0, 0, 1,5.429273,-1.827910,10.043696,-1,2
68475,580270,0.116014,36885.769865,36885.880352,0, 0, 0, 0,-99.000000,-99.000000,-99.000000,-1,1
68475,580271,0.222087,36885.875938,36885.986425,1, 1, 0, 1,1.910785,2.032811,0.355562,-1,3
68475,580272,0.251692,36885.905543,36886.016030,1, 0, 0, 1,6.841085,-2.961391,6.022385,-1,2
68475,580273,0.468798,36886.122648,36886.233136,0, 0, 0, 0,-99.000000,-99.000000,-99.000000,-1,0
68475,580274,0.479027,36886.132877,36886.243365,1, 0, 0, 1,6.366878,-3.850803,-15.621096,-1,2
68475,580275,0.632698,36886.286548,36886.397036,0, 0, 0, 0,-99.000000,-99.000000,-99.000000,-1,0
68475,580276,0.646810,36886.300660,36886.411148,0, 0, 0, 0,-99.000000,-99.000000,-99.000000,-1,1
68475,580277,0.652508,36886.306358,36886.416846,0, 0, 0, 0,-99.000000,-99.000000,-99.000000,-1,1
68475,580278,1.144241,36886.798090,36886.908579,1, 0, 0, 1,5.702020,-0.568699,-10.329477,-1,2
68475,580279,1.423417,36887.077265,36887.187755,1, 0, 0, 1,1.068642,7.360331,2.388918,-1,2
68475,580280,1.444767,36887.098615,36887.209105,0, 0, 0, 0,-99.000000,-99.000000,-99.000000,-1,1
68475,580281,1.639804,36887.293652,36887.404142,1, 0, 0, 1,-2.631039,-7.442162,8.033241,-1,2
68475,580282,1.749777,36887.403625,36887.514116,0, 0, 0, 0,-99.000000,-99.000000,-99.000000,-1,1
68475,580283,1.783569,36887.437417,36887.547908,1, 0, 0, 1,4.156633,-4.790857,-12.375107,-1,2
68475,580284,1.825771,36887.479618,36887.590109,1, 0, 0, 1,0.188913,8.419326,-12.272662,-1,2
68475,580285,1.866339,36887.520186,36887.630677,0, 0, 0, 0,-99.000000,-99.000000,-99.000000,-1,0
68475,580286,1.965074,36887.618921,36887.729412,1, 0, 0, 1,-1.380951,-7.470348,-0.691713,-1,2
68475,580579,0.080738,36916.094971,36916.205520,1, 0, 0, 1,4.569187,-4.277664,1.910765,-1,2
68475,580580,0.134311,36916.148544,36916.259092,1, 0, 0, 1,2.392486,-0.197903,-15.155842,-1,3
68475,580581,0.151265,36916.165498,36916.276046,1, 0, 0, 1,-6.377630,-2.608261,-15.288792,-1,2
68475,580582,0.151655,36916.165888,36916.276436,1, 0, 0, 1,-4.097714,-1.013209,0.657202,-1,7
68475,580583,0.318884,36916.333117,36916.443666,1, 0, 0, 1,-4.684208,2.295342,-16.232379,-1,2
68475,580584,0.650203,36916.664435,36916.774984,1, 0, 0, 1,-5.189537,2.620011,17.379857,-1,2
68475,580585,0.783263,36916.797494,36916.908044,1, 0, 0, 1,7.064882,1.211735,-18.691441,-1,2
68475,580586,0.915897,36916.930128,36917.040679,1, 0, 0, 1,2.565045,-1.032935,-2.282964,-1,2
68475,580587,0.982897,36916.997128,36917.107679,1, 0, 0, 1,2.071185,3.103603,5.719998,-1,2
68475,580588,1.093719,36917.107950,36917.218501,1, 0, 0, 1,2.181002,-6.779854,16.043976,-1,2
68475,580589,1.189013,36917.203244,36917.313795,1, 0, 0, 1,1.660913,-0.522221,-17.150130,-1,2
68475,580590,1.195275,36917.209506,36917.320057,0, 0, 0, 0,-99.000000,-99.000000,-99.000000,-1,1
68475,580591,1.211272,36917.225503,36917.336054,0, 0, 0, 0,-99.000000,-99.000000,-99.000000,-1,1
68475,580592,1.296922,36917.311152,36917.421704,1, 0, 0, 1,4.139575,-0.233223,-11.523870,-1,2
68475,580593,1.303432,36917.317662,36917.428213,1, 0, 0, 1,0.434033,1.752940,-16.043629,-1,2
68475,580594,1.447333,36917.461564,36917.572115,0, 0, 0, 0,-99.000000,-99.000000,-99.000000,-1,1
68475,580595,1.572765,36917.586995,36917.697547,1, 0, 0, 1,1.984411,-4.886242,-15.542865,-1,2
68475,580596,1.634434,36917.648664,36917.759216,1, 0, 0, 1,2.808233,-8.229255,-18.786742,-1,2
68475,580597,1.758666,36917.772895,36917.883447,1, 0, 0, 1,-5.428332,6.446460,13.660686,-1,2
68475,580598,1.818825,36917.833055,36917.943607,1, 0, 0, 1,5.967162,0.632562,-0.491398,-1,2
68475,580599,1.910206,36917.924436,36918.034988,1, 0, 0, 1,-1.762542,10.939554,14.679897,-1,2
68475,580759,0.072351,36934.597367,36934.707953,1, 0, 0, 1,5.504425,4.947058,-3.995810,-1,2
68475,580760,0.166270,36934.691286,36934.801872,1, 0, 0, 1,1.630963,-5.907620,-11.497118,-1,2
68475,580761,0.299825,36934.824841,36934.935427,1, 0, 0, 1,-5.204897,-2.051648,-17.702319,-1,2
68475,580762,0.515270,36935.040286,36935.150873,1, 0, 0, 1,7.395128,-3.338983,-3.071306,-1,2
68475,580763,0.532222,36935.057237,36935.167824,0, 0, 0, 0,-99.000000,-99.000000,-99.000000,-1,1
68475,580764,0.663160,36935.188175,36935.298763,0, 0, 0, 0,-99.000000,-99.000000,-99.000000,-1,1
68475,580765,0.759656,36935.284671,36935.395258,1, 0, 0, 1,7.564111,-0.359551,8.627999,-1,2
68475,580766,0.920830,36935.445844,36935.556432,1, 0, 0, 1,2.911474,0.345751,-6.500809,-1,2
68475,580767,1.207257,36935.732271,36935.842859,1, 0, 0, 1,2.554147,0.914438,5.126323,-1,2
68475,580768,1.255537,36935.780551,36935.891139,0, 0, 0, 0,-99.000000,-99.000000,-99.000000,-1,0
68475,580769,1.270582,36935.795595,36935.906184,1, 0, 0, 1,6.717008,1.876264,-1.645780,-1,2
68475,580770,1.475419,36936.000432,36936.111021,0, 0, 0, 0,-99.000000,-99.000000,-99.000000,-1,0
68475,580771,1.644074,36936.169087,36936.279676,1, 0, 0, 1,7.169447,-2.753252,4.555238,-1,2
68475,580772,1.648650,36936.173663,36936.284252,0, 0, 0, 0,-99.000000,-99.000000,-99.000000,-1,1
68475,580773,1.711815,36936.236828,36936.347418,1, 0, 0, 1,3.793650,6.609561,11.982471,-1,2
68475,580774,1.803189,36936.328202,36936.438791,1, 1, 1, 1,-0.513928,-0.029769,1.309262,-1,4
68475,580775,1.811829,36936.336842,36936.447431,0, 0, 0, 0,-99.000000,-99.000000,-99.000000,-1,1
68475,580776,1.829816,36936.354828,36936.465418,1, 0, 0, 1,-4.059684,-0.722825,21.337819,-1,2
68475,580777,1.850123,36936.375135,36936.485725,1, 0, 0, 1,-2.375892,-2.114393,-6.094960,-1,2
68475,580778,1.864780,36936.389792,36936.500382,0, 0, 0, 0,-99.000000,-99.000000,-99.000000,-1,1
68475,580779,1.921227,36936.446239,36936.556829,0, 0, 0, 0,-99.000000,-99.000000,-99.000000,-1,1
68475,581074,0.013393,36964.898792,36965.009439,1, 0, 0, 1,-4.270317,9.206313,17.631706,-1,2
68475,581075,0.103249,36964.988647,36965.099294,1, 1, 0, 1,-2.362324,2.327686,15.344840,-1,7
68475,581076,0.379518,36965.264916,36965.375564,1, 0, 0, 1,1.107780,-6.458321,-10.558541,-1,2
68475,581077,0.490713,36965.376111,36965.486759,0, 0, 0, 0,-99.000000,-99.000000,-99.000000,-1,1
68475,581078,0.494886,36965.380284,36965.490932,0, 0, 0, 0,-99.000000,-99.000000,-99.000000,-1,1
68475,581079,0.671857,36965.557254,36965.667902,0, 0, 0, 0,-99.000000,-99.000000,-99.000000,-1,1
68475,581080,0.915429,36965.800826,36965.911475,0, 0, 0, 0,-99.000000,-99.000000,-99.000000,-1,1
68475,581081,0.943246,36965.828642,36965.939291,0, 0, 0, 0,-99.000000,-99.000000,-99.000000,-1,1
68475,581082,1.248020,36966.133416,36966.244065,1, 0, 0, 1,3.416605,0.282828,-9.103376,-1,2
68475,581083,1.382971,36966.268367,36966.379017,0, 0, 0, 0,-99.000000,-99.000000,-99.000000,-1,1
68475,581084,1.447474,36966.332869,36966.443519,1, 0, 0, 1,-1.389792,0.265819,-1.895117,-1,2
68475,581085,1.466775,36966.352171,36966.462821,1, 0, 0, 1,-4.793713,2.474630,-10.803999,-1,2
68475,581086,1.898405,36966.783800,36966.894451,0, 0, 0, 0,-99.000000,-99.000000,-99.000000,-1,0
68475,581087,1.991809,36966.877203,36966.987854,0, 0, 0, 0,-99.000000,-99.000000,-99.000000,-1,0
68475,581124,0.053463,36971.064168,36971.174827,1, 0, 0, 1,-1.252465,1.233421,-9.849577,-1,2
68475,581125,0.163823,36971.174527,36971.285187,0, 0, 0, 0,-99.000000,-99.000000,-99.000000,-1,0
68475,581126,0.371040,36971.381744,36971.492404,0, 0, 0, 0,-99.000000,-99.000000,-99.000000,-1,0
68475,581127,0.434697,36971.445401,36971.556062,1, 0, 0, 1,-3.487612,4.131782,-17.833761,-1,2
68475,581128,0.654075,36971.664779,36971.775440,1, 0, 0, 1,2.760407,-7.788879,17.411652,-1,2
68475,581129,0.694667,36971.705371,36971.816032,0, 0, 0, 0,-99.000000,-99.000000,-99.000000,-1,1
68475,581130,0.788935,36971.799638,36971.910299,0, 0, 0, 0,-99.000000,-99.000000,-99.000000,-1,0
68475,581131,0.854213,36971.864916,36971.975577,1, 0, 0, 1,1.002471,-0.595579,16.123926,-1,2
68475,581132,0.879871,36971.890574,36972.001236,1, 0, 0, 1,1.442122,0.970132,11.763185,-1,2
68475,581133,0.910585,36971.921289,36972.031950,1, 0, 0, 1,-2.944008,0.338858,5.425432,-1,2
68475,581134,0.911676,36971.922379,36972.033041,1, 0, 0, 1,1.102316,-5.162727,18.434771,-1,2
68475,581135,1.035765,36972.046468,36972.157129,1, 0, 0, 1,-2.565349,6.328442,11.334490,-1,2
68475,581136,1.143666,36972.154368,36972.265030,1, 0, 0, 1,3.830643,-7.326903,15.765631,-1,2
68475,581137,1.144329,36972.155032,36972.265693,1, 0, 0, 1,-0.213489,3.812224,-17.968956,-1,2
68475,581138,1.193836,36972.204539,36972.315201,0, 0, 0, 0,-99.000000,-99.000000,-99.000000,-1,0
68475,581139,1.318209,36972.328911,36972.439573,0, 0, 0, 0,-99.000000,-99.000000,-99.000000,-1,1
68475,581140,1.429984,36972.440686,36972.551349,1, 1, 1, 1,-0.979030,-1.141139,7.730944,-1,3
68475,581141,1.544784,36972.555486,36972.666149,1, 1, 0, 1,-1.073065,-2.736969,3.930783,-1,2
68475,581142,1.807199,36972.817900,36972.928563,1, 0, 0, 1,-3.282260,2.349681,18.155532,-1,2
68475,581424,0.080439,37001.451526,37001.562247,1, 1, 1, 1,2.106251,-0.460683,1.926088,-1,4
68475,581425,0.180295,37001.551382,37001.662103,1, 0, 0, 1,-7.855841,6.169755,18.762589,-1,2
68475,581426,0.408463,37001.779549,37001.890271,0, 0, 0, 0,-99.000000,-99.000000,-99.000000,-1,1
68475,581427,0.473142,37001.844228,37001.954950,1, 0, 0, 1,7.082547,0.003169,19.609990,-1,2
68475,581428,0.627135,37001.998221,37002.108943,1, 0, 0, 1,5.652013,-6.465189,20.147217,-1,2
68475,581429,0.723925,37002.095010,37002.205732,1, 0, 0, 1,9.105079,-4.390930,17.571217,-1,2
68475,581430,0.915689,37002.286774,37002.397497,1, 0, 0, 1,3.268650,-6.538435,0.583511,-1,2
68475,581431,0.921744,37002.292829,37002.403551,1, 0, 0, 1,6.313566,9.982914,-8.286232,-1,2
68475,581432,1.150126,37002.521211,37002.631934,1, 0, 0, 1,-0.429640,-0.222736,-13.287265,-1,2
68475,581433,1.256384,37002.627468,37002.738192,1, 0, 0, 1,-5.922353,-5.457271,13.258551,-1,2
68475,581434,1.258741,37002.629826,37002.740549,0, 0, 0, 0,-99.000000,-99.000000,-99.000000,-1,1
68475,581435,1.332462,37002.703546,37002.814270,1, 0, 0, 1,-4.632691,-3.778630,-12.898478,-1,2
68475,581436,1.436448,37002.807532,37002.918256,0, 0, 0, 0,-99.000000,-99.000000,-99.000000,-1,1
68475,581437,1.455741,37002.826825,37002.937549,1, 0, 0, 1,1.964951,0.906923,13.737432,-1,2
68475,581438,1.577829,37002.948913,37003.059637,1, 0, 0, 1,-2.481249,1.282526,2.868638,-1,5
68475,581439,1.609021,37002.980105,37003.090829,1, 0, 0, 1,-0.638631,3.708882,10.090471,-1,2
68475,581440,1.729019,37003.100102,37003.210827,1, 0, 0, 1,5.060322,3.924230,2.520120,-1,2
68475,581441,1.849315,37003.220399,37003.331123,1, 0, 0, 1,-4.071876,-5.957812,18.001343,-1,2
68475,581442,1.861293,37003.232377,37003.343101,1, 0, 0, 1,2.706517,3.387835,-20.588756,-1,2
68475,581583,0.063714,37019.940808,37020.051566,1, 0, 0, 1,1.017837,-1.498277,-15.911551,-1,2
68475,581584,0.087232,37019.964326,37020.075085,0, 0, 0, 0,-99.000000,-99.000000,-99.000000,-1,1
68475,581585,0.203052,37020.080146,37020.190905,0, 0, 0, 0,-99.000000,-99.000000,-99.000000,-1,0
68475,581586,0.220091,37020.097185,37020.207944,1, 0, 0, 1,7.221846,15.009598,22.670509,-1,2
68475,581587,0.422982,37020.300076,37020.410835,1, 0, 0, 1,1.149950,-11.607057,-5.320470,-1,2
68475,581588,0.514181,37020.391275,37020.502034,1, 0, 0, 1,7.503063,-2.484401,-17.655880,-1,2
68475,581589,0.635556,37020.512649,37020.623408,1, 1, 1, 1,-1.827292,-2.564282,-7.048592,-1,4
68475,581590,0.648775,37020.525868,37020.636627,1, 0, 0, 1,2.544136,-3.266045,-19.970671,-1,2
68475,581591,0.676534,37020.553626,37020.664386,0, 0, 0, 0,-99.000000,-99.000000,-99.000000,-1,1
68475,581592,0.842142,37020.719234,37020.829994,1, 0, 0, 1,-0.329149,-5.693209,-10.269390,-1,2
68475,581593,0.865130,37020.742223,37020.852983,0, 0, 0, 0,-99.000000,-99.000000,-99.000000,-1,1
68475,581594,1.246416,37021.123508,37021.234268,1, 0, 0, 1,2.647113,-9.435254,13.535512,-1,2
68475,581595,1.403970,37021.281062,37021.391823,0, 0, 0, 0,-99.000000,-99.000000,-99.000000,-1,0
68475,581596,1.422357,37021.299448,37021.410209,1, 0, 0, 1,7.186670,-2.147546,1.806023,-1,2
68475,581597,1.469479,37021.346570,37021.457331,1, 0, 0, 1,1.210201,0.109369,-6.256360,-1,2
68475,581598,1.531207,37021.408298,37021.519059,1, 0, 0, 1,7.205035,-1.054727,-16.162321,-1,2
68475,581599,1.533556,37021.410647,37021.521408,1, 0, 0, 1,-1.788766,-1.464737,6.161789,-1,2
68475,581600,1.680161,37021.557252,37021.668013,0, 0, 0, 0,-99.000000,-99.000000,-99.000000,-1,1
68475,581885,0.032795,37050.270272,37050.381091,1, 0, 0, 1,6.454640,0.403460,-17.163708,-1,2
68475,581886,0.117211,37050.354688,37050.465507,1, 0, 0, 1,-3.256226,4.326081,-2.319471,-1,2
68475,581887,0.175042,37050.412518,37050.523337,0, 0, 0, 0,-99.000000,-99.000000,-99.000000,-1,0
68475,581888,0.594315,37050.831790,37050.942611,1, 0, 0, 1,-4.001885,-0.280582,17.986643,-1,2
68475,581889,0.616164,37050.853639,37050.964460,0, 0, 0, 0,-99.000000,-99.000000,-99.000000,-1,1
68475,581890,1.127611,37051.365085,37051.475907,0, 0, 0, 0,-99.000000,-99.000000,-99.000000,-1,0
68475,581891,1.355874,37051.593348,37051.704169,1, 0, 0, 1,4.586232,-2.290855,-13.597481,-1,2
68475,581892,1.368956,37051.606430,37051.717252,1, 0, 0, 1,3.251946,-4.298216,-9.563408,-1,2
68475,581893,1.374188,37051.611662,37051.722484,1, 0, 0, 1,-5.013506,5.342006,6.483005,-1,2
68475,581894,1.556004,37051.793477,37051.904299,0, 0, 0, 0,-99.000000,-99.000000,-99.000000,-1,1
68475,581895,1.649966,37051.887439,37051.998262,0, 0, 0, 0,-99.000000,-99.000000,-99.000000,-1,0
68475,581896,1.729260,37051.966733,37052.077556,0, 0, 0, 0,-99.000000,-99.000000,-99.000000,-1,1
68475,581933,0.207967,37056.570575,37056.681407,1, 1, 1, 1,1.325488,1.377428,6.613975,-1,4
68475,581934,0.258473,37056.621081,37056.731914,0, 0, 0, 0,-99.000000,-99.000000,-99.000000,-1,1
68475,581935,0.319929,37056.682537,37056.793369,0, 0, 0, 0,-99.000000,-99.000000,-99.000000,-1,0
68475,581936,0.425194,37056.787801,37056.898634,1, 0, 0, 1,5.146494,3.042412,-2.620435,-1,2
68475,581937,0.501784,37056.864391,37056.975224,1, 0, 0, 1,6.541895,5.378377,10.751300,-1,2
68475,581938,0.755592,37057.118199,37057.229032,1, 0, 0, 1,5.182752,4.005675,-14.309664,-1,2
68475,581939,0.759092,37057.121699,37057.232532,1, 0, 0, 1,-1.910329,-2.219271,8.707166,-1,2
68475,581940,0.852098,37057.214705,37057.325538,1, 0, 0, 1,5.265298,-4.233910,-20.218807,-1,2
68475,581941,1.022937,37057.385543,37057.496377,0, 0, 0, 0,-99.000000,-99.000000,-99.000000,-1,1
68475,581942,1.133073,37057.495679,37057.606513,1, 0, 0, 1,6.759645,0.289751,-12.205143,-1,2
68475,581943,1.294783,37057.657388,37057.768223,0, 0, 0, 0,-99.000000,-99.000000,-99.000000,-1,1
68475,581944,1.408728,37057.771333,37057.882168,0, 0, 0, 0,-99.000000,-99.000000,-99.000000,-1,1
68475,581945,1.677252,37058.039857,37058.150692,1, 0, 0, 1,3.336701,2.204674,-15.985873,-1,2
68475,581946,1.817461,37058.180066,37058.290902,1, 0, 0, 1,-5.137287,0.680306,-11.226141,-1,2
68475,581947,1.845407,37058.208012,37058.318847,0, 0, 0, 0,-99.000000,-99.000000,-99.000000,-1,0
68475,581948,1.936797,37058.299401,37058.410237,0, 0, 0, 0,-99.000000,-99.000000,-99.000000,-1,0
68475,582249,0.174670,37086.897660,37087.008553,0, 0, 0, 0,-99.000000,-99.000000,-99.000000,-1,1
68475,582250,0.199800,37086.922791,37087.033684,1, 0, 0, 1,-8.477325,-6.193930,-17.155507,-1,2
68475,582251,0.205441,37086.928431,37087.039324,1, 0, 0, 1,-0.901688,3.221399,-6.295673,-1,2
68475,582252,0.304375,37087.027365,37087.138258,0, 0, 0, 0,-99.000000,-99.000000,-99.000000,-1,0
68475,582253,0.547054,37087.270044,37087.380937,1, 0, 0, 1,-7.676814,0.152950,-8.050651,-1,2
68475,582254,0.672604,37087.395594,37087.506488,1, 0, 0, 1,1.003780,5.900048,6.145786,-1,2
68475,582255,0.703004,37087.425993,37087.536887,0, 0, 0, 0,-99.000000,-99.000000,-99.000000,-1,1
68475,582256,0.967606,37087.690595,37087.801490,0, 0, 0, 0,-99.000000,-99.000000,-99.000000,-1,1
68475,582257,1.047129,37087.770118,37087.881013,1, 0, 0, 1,1.401170,1.936539,2.369779,-1,2
68475,582258,1.068791,37087.791780,37087.902675,1, 0, 0, 1,-3.701099,-2.825420,-8.636943,-1,2
68475,582259,1.080954,37087.803942,37087.914837,1, 0, 0, 1,3.239290,-0.402900,-2.340218,-1,2
68475,582260,1.295325,37088.018313,37088.129209,1, 0, 0, 1,-3.439028,-7.090536,13.215139,-1,2
68475,582261,1.449867,37088.172855,37088.283751,1, 0, 0, 1,2.865055,-8.617953,21.440162,-1,2
68475,582262,1.463972,37088.186960,37088.297855,1, 1, 0, 1,-2.021085,-1.679860,3.327687,-1,6
68475,582263,1.573110,37088.296097,37088.406993,1, 0, 0, 1,-8.651546,-1.017855,15.706476,-1,2
68475,582264,1.581019,37088.304007,37088.414903,1, 1, 0, 1,1.008180,1.509701,9.171026,-1,2
68475,582265,1.586691,37088.309679,37088.420575,0, 0, 0, 0,-99.000000,-99.000000,-99.000000,-1,1
68475,582266,1.609684,37088.332672,37088.443568,0, 0, 0, 0,-99.000000,-99.000000,-99.000000,-1,1
68475,582267,1.636648,37088.359636,37088.470532,0, 0, 0, 0,-99.000000,-99.000000,-99.000000,-1,1
68475,582268,1.709055,37088.432042,37088.542938,0, 0, 0, 0,-99.000000,-99.000000,-99.000000,-1,1
68475,582269,1.866568,37088.589555,37088.700451,0, 0, 0, 0,-99.000000,-99.000000,-99.000000,-1,1
68475,582270,1.994630,37088.717617,37088.828513,0, 0, 0, 0,-99.000000,-99.000000,-99.000000,-1,1
68475,582271,2.011725,37088.734711,37088.845608,0, 0, 0, 0,-99.000000,-99.000000,-99.000000,-1,0
68475,582442,0.000291,37105.229642,37105.340572,1, 0, 0, 1,-2.350832,-3.159058,-13.832730,-1,2
68475,582443,0.210681,37105.440031,37105.550962,0, 0, 0, 0,-99.000000,-99.000000,-99.000000,-1,1
68475,582444,0.239902,37105.469252,37105.580183,1, 0, 0, 1,3.196661,5.093648,-11.525429,-1,2
68475,582445,0.264921,37105.494272,37105.605203,1, 0, 0, 1,-4.761071,-7.600288,-3.579500,-1,2
68475,582446,0.306526,37105.535876,37105.646807,0, 0, 0, 0,-99.000000,-99.000000,-99.000000,-1,1
68475,582447,0.381714,37105.611064,37105.721995,0, 0, 0, 0,-99.000000,-99.000000,-99.000000,-1,0
68475,582448,0.467549,37105.696899,37105.807830,1, 0, 0, 1,2.811488,-2.113326,-6.712078,-1,3
68475,582449,0.531497,37105.760847,37105.871778,0, 0, 0, 0,-99.000000,-99.000000,-99.000000,-1,0
68475,582450,0.543215,37105.772565,37105.883496,0, 0, 0, 0,-99.000000,-99.000000,-99.000000,-1,1
68475,582451,0.545317,37105.774667,37105.885598,1, 0, 0, 1,5.372026,0.741995,-12.741507,-1,2
68475,582452,0.678315,37105.907665,37106.018596,1, 0, 0, 1,-4.820648,-2.874911,3.670017,-1,2
68475,582453,0.709953,37105.939303,37106.050234,1, 0, 0, 1,1.484619,-10.415366,-8.870371,-1,2
68475,582454,1.289336,37106.518685,37106.629618,0, 0, 0, 0,-99.000000,-99.000000,-99.000000,-1,1
68475,582455,1.561103,37106.790451,37106.901384,0, 0, 0, 0,-99.000000,-99.000000,-99.000000,-1,0
68475,582456,1.646218,37106.875565,37106.986499,1, 0, 0, 1,0.949522,-2.938113,-15.231028,-1,2
68475,582457,1.672156,37106.901504,37107.012437,1, 1, 0, 1,0.062707,-1.826905,-6.881293,-1,4
68475,582458,1.736699,37106.966047,37107.076980,1, 0, 0, 1,-6.030042,2.998600,-0.252943,-1,2
68475,582459,1.838905,37107.068252,37107.179186,1, 0, 0, 1,-4.376171,-3.202117,-6.402838,-1,2
68475,582460,1.839746,37107.069093,37107.180027,0, 0, 0, 0,-99.000000,-99.000000,-99.000000,-1,1
68475,582461,1.956401,37107.185748,37107.296682,0, 0, 0, 0,-99.000000,-99.000000,-99.000000,-1,1
68475,582462,1.976911,37107.206258,37107.317192,1, 0, 0, 1,-1.020837,7.019542,-7.598508,-1,2
68475,582733,0.058391,37135.648124,37135.759115,0, 0, 0, 0,-99.000000,-99.000000,-99.000000,-1,0
68475,582734,0.105361,37135.695094,37135.806086,0, 0, 0, 0,-99.000000,-99.000000,-99.000000,-1,1
68475,582735,0.328915,37135.918648,37136.029640,1, 0, 0, 1,-3.258110,8.553084,-15.664646,-1,2
68475,582736,0.472057,37136.061789,37136.172781,0, 0, 0, 0,-99.000000,-99.000000,-99.000000,-1,0
68475,582737,0.514180,37136.103912,37136.214904,1, 0, 0, 1,4.712064,-7.760462,21.564924,-1,2
68475,582738,0.536469,37136.126201,37136.237193,1, 0, 0, 1,-3.601853,-2.648700,3.887960,-1,2
68475,582739,0.731783,37136.321515,37136.432508,1, 0, 0, 1,-7.294748,-4.500745,-9.266530,-1,2
68475,582740,0.885967,37136.475698,37136.586692,0, 0, 0, 0,-99.000000,-99.000000,-99.000000,-1,1
68475,582741,0.976258,37136.565989,37136.676983,1, 0, 0, 1,3.855906,-0.663390,0.679022,-1,2
68475,582742,1.245108,37136.834838,37136.945832,1, 0, 0, 1,-5.040157,7.698525,21.900512,-1,2
68475,582743,1.265453,37136.855184,37136.966178,1, 0, 0, 1,-2.515571,8.069783,-14.336960,-1,3
68475,582744,1.460702,37137.050432,37137.161427,0, 0, 0, 0,-99.000000,-99.000000,-99.000000,-1,0
68475,582745,1.501448,37137.091178,37137.202172,0, 0, 0, 0,-99.000000,-99.000000,-99.000000,-1,1
68475,582746,1.521789,37137.111519,37137.222514,0, 0, 0, 0,-99.000000,-99.000000,-99.000000,-1,1
68475,582747,1.767358,37137.357087,37137.468082,1, 0, 0, 1,-7.539530,2.966229,-3.898973,-1,2
68475,582748,1.921360,37137.511089,37137.622084,1, 0, 0, 1,7.750699,2.517126,3.314658,-1,2
68475,582784,0.131543,37141.846533,37141.957538,0, 0, 0, 0,-99.000000,-99.000000,-99.000000,-1,1
68475,582785,0.143860,37141.858850,37141.969855,1, 0, 0, 1,2.872662,-1.881376,17.358087,-1,2
68475,582786,0.166836,37141.881827,37141.992831,1, 1, 0, 1,1.672773,-0.866262,12.944399,-1,2
68475,582787,0.242540,37141.957530,37142.068535,1, 0, 0, 1,0.341973,0.334937,-12.468378,-1,2
68475,582788,0.432142,37142.147132,37142.258137,1, 0, 0, 1,1.992278,-4.407089,4.535813,-1,2
68475,582789,0.453289,37142.168279,37142.279283,0, 0, 0, 0,-99.000000,-99.000000,-99.000000,-1,1
68475,582790,0.488519,37142.203509,37142.314514,0, 0, 0, 0,-99.000000,-99.000000,-99.000000,-1,1
68475,582791,0.590993,37142.305983,37142.416988,0, 0, 0, 0,-99.000000,-99.000000,-99.000000,-1,1
68475,582792,0.669842,37142.384832,37142.495837,1, 0, 0, 1,4.092342,-3.895130,16.554511,-1,2
68475,582793,0.719777,37142.434767,37142.545772,1, 0, 0, 1,-6.607232,0.452648,-13.607689,-1,2
68475,582794,0.924268,37142.639257,37142.750263,0, 0, 0, 0,-99.000000,-99.000000,-99.000000,-1,1
68475,582795,0.950508,37142.665497,37142.776503,0, 0, 0, 0,-99.000000,-99.000000,-99.000000,-1,1
68475,582796,1.127133,37142.842122,37142.953128,1, 0, 0, 1,-1.405807,8.688887,-7.679901,-1,2
68475,582797,1.364494,37143.079482,37143.190489,1, 0, 0, 1,-2.000417,-5.718323,-5.800211,-1,2
68475,582798,1.419036,37143.134024,37143.245031,0, 0, 0, 0,-99.000000,-99.000000,-99.000000,-1,1
68475,582799,1.684348,37143.399336,37143.510343,0, 0, 0, 0,-99.000000,-99.000000,-99.000000,-1,1
68475,582800,1.723792,37143.438779,37143.549787,0, 0, 0, 0,-99.000000,-99.000000,-99.000000,-1,1
68475,582801,1.912945,37143.627933,37143.738940,0, 0, 0, 0,-99.000000,-99.000000,-99.000000,-1,0
68475,583078,0.110449,37172.185822,37172.296888,0, 0, 0, 0,-99.000000,-99.000000,-99.000000,-1,1
68475,583079,0.155718,37172.231091,37172.342156,1, 0, 0, 1,-0.002988,-2.872165,-17.131809,-1,2
68475,583080,0.156044,37172.231416,37172.342482,1, 0, 0, 1,-2.203481,-5.730555,-14.706155,-1,2
68475,583081,0.200211,37172.275584,37172.386649,0, 0, 0, 0,-99.000000,-99.000000,-99.000000,-1,0
68475,583082,0.201008,37172.276380,37172.387446,1, 0, 0, 1,-6.677618,2.904465,2.420181,-1,2
68475,583083,0.228312,37172.303685,37172.414751,1, 0, 0, 1,-0.502067,0.962740,-0.823140,-1,2
68475,583084,0.241626,37172.316999,37172.428065,0, 0, 0, 0,-99.000000,-99.000000,-99.000000,-1,0
68475,583085,0.394589,37172.469961,37172.581027,0, 0, 0, 0,-99.000000,-99.000000,-99.000000,-1,1
68475,583086,0.514580,37172.589952,37172.701018,1, 0, 0, 1,8.412513,4.830164,3.903048,-1,2
68475,583087,0.624789,37172.700161,37172.811227,1, 0, 0, 1,-0.496786,1.175773,-6.911646,-1,2
68475,583088,0.637339,37172.712711,37172.823777,1, 0, 0, 1,-4.723324,-3.857606,6.312053,-1,2
68475,583089,0.678266,37172.753637,37172.864704,1, 0, 0, 1,-9.019405,4.395893,-15.567946,-1,2
68475,583090,0.989114,37173.064485,37173.175552,0, 0, 0, 0,-99.000000,-99.000000,-99.000000,-1,1
68475,583091,1.333498,37173.408868,37173.519936,1, 0, 0, 1,-1.246960,-12.270995,-10.121880,-1,2
68475,583092,1.491050,37173.566421,37173.677489,0, 0, 0, 0,-99.000000,-99.000000,-99.000000,-1,1
68475,583093,1.616194,37173.691564,37173.802633,0, 0, 0, 0,-99.000000,-99.000000,-99.000000,-1,0
68475,583094,1.898058,37173.973427,37174.084496,1, 0, 0, 1,4.679972,3.102821,-9.988114,-1,2
68475,583263,0.013735,37190.594545,37190.705648,1, 0, 0, 1,-7.056567,2.214918,20.219877,-1,2
68475,583264,0.061824,37190.642634,37190.753737,1, 0, 0, 1,-2.977326,-8.486687,-14.007226,-1,3
68475,583265,0.071639,37190.652449,37190.763552,0, 0, 0, 0,-99.000000,-99.000000,-99.000000,-1,1
68475,583266,0.081748,37190.662558,37190.773661,0, 0, 0, 0,-99.000000,-99.000000,-99.000000,-1,0
68475,583267,0.181188,37190.761998,37190.873101,0, 0, 0, 0,-99.000000,-99.000000,-99.000000,-1,1
68475,583268,0.311689,37190.892498,37191.003601,1, 0, 0, 1,-4.511582,0.121632,-1.562373,-1,2
68475,583269,0.504185,37191.084994,37191.196098,1, 0, 0, 1,-5.365298,0.994987,4.001912,-1,2
68475,583270,0.523168,37191.103977,37191.215081,1, 0, 0, 1,-5.353336,4.632407,13.969130,-1,2
68475,583271,0.640336,37191.221145,37191.332249,0, 0, 0, 0,-99.000000,-99.000000,-99.000000,-1,1
68475,583272,0.832631,37191.413439,37191.524544,0, 0, 0, 0,-99.000000,-99.000000,-99.000000,-1,1
68475,583273,0.907213,37191.488022,37191.599126,1, 0, 0, 1,-2.874334,5.366752,12.832215,-1,2
68475,583274,1.101415,37191.682223,37191.793328,1, 0, 0, 1,7.274268,-2.623124,6.420403,-1,2
68475,583275,1.250440,37191.831248,37191.942353,1, 0, 0, 1,0.207737,3.539269,21.015940,-1,2
68475,583276,1.306836,37191.887643,37191.998749,0, 0, 0, 0,-99.000000,-99.000000,-99.000000,-1,1
68475,583277,1.367239,37191.948047,37192.059152,0, 0, 0, 0,-99.000000,-99.000000,-99.000000,-1,1
68475,583278,1.573013,37192.153820,37192.264926,0, 0, 0, 0,-99.000000,-99.000000,-99.000000,-1,1
68475,583279,1.625595,37192.206401,37192.317507,1, 1, 1, 1,2.874035,-0.943230,-5.705787,-1,5
68475,583280,1.868312,37192.449119,37192.560225,0, 0, 0, 0,-99.000000,-99.000000,-99.000000,-1,1
68475,583281,1.878188,37192.458994,37192.570101,1, 0, 0, 1,-2.162148,7.936074,3.806250,-1,2
68475,583559,0.005297,37220.946489,37221.057653,0, 0, 0, 0,-99.000000,-99.000000,-99.000000,-1,1
68475,583560,0.201541,37221.142733,37221.253897,1, 0, 0, 1,-3.903074,2.521068,-4.427595,-1,2
68475,583561,0.211812,37221.153003,37221.264168,0, 0, 0, 0,-99.000000,-99.000000,-99.000000,-1,1
68475,583562,0.362207,37221.303399,37221.414563,0, 0, 0, 0,-99.000000,-99.000000,-99.000000,-1,1
68475,583563,0.401077,37221.342269,37221.453433,1, 0, 0, 1,5.812717,4.255222,12.902813,-1,2
68475,583564,0.435962,37221.377153,37221.488318,1, 0, 0, 1,6.225756,-2.929489,-10.558255,-1,2
68475,583565,0.656354,37221.597545,37221.708711,0, 0, 0, 0,-99.000000,-99.000000,-99.000000,-1,1
68475,583566,0.681092,37221.622283,37221.733448,1, 0, 0, 1,2.985955,1.667956,5.479607,-1,2
68475,583567,0.713079,37221.654270,37221.765435,0, 0, 0, 0,-99.000000,-99.000000,-99.000000,-1,1
68475,583568,0.935309,37221.876500,37221.987665,0, 0, 0, 0,-99.000000,-99.000000,-99.000000,-1,1
68475,583569,0.971684,37221.912874,37222.024040,1, 0, 0, 1,-3.573610,2.051389,3.543128,-1,2
68475,583570,0.991853,37221.933043,37222.044209,1, 0, 0, 1,-2.801340,4.103097,-18.383474,-1,2
68475,583571,1.013668,37221.954858,37222.066024,0, 0, 0, 0,-99.000000,-99.000000,-99.000000,-1,1
68475,583572,1.075888,37222.017078,37222.128244,1, 0, 0, 1,-6.019606,0.458904,-3.545199,-1,2
68475,583573,1.108763,37222.049953,37222.161119,0, 0, 0, 0,-99.000000,-99.000000,-99.000000,-1,1
68475,583574,1.320912,37222.262102,37222.373268,1, 0, 0, 1,4.346358,2.416258,7.462252,-1,2
68475,583575,1.391385,37222.332575,37222.443741,0, 0, 0, 0,-99.000000,-99.000000,-99.000000,-1,1
68475,583576,1.613993,37222.555181,37222.666349,1, 0, 0, 1,5.187849,0.271040,18.324410,-1,2
68475,583577,1.776420,37222.717609,37222.828777,1, 0, 0, 1,2.847661,-3.233539,-11.608513,-1,2
68475,583578,1.878353,37222.819542,37222.930709,1, 0, 0, 1,-0.973984,0.861995,1.704490,-1,2
68475,583579,1.970738,37222.911926,37223.023094,1, 0, 0, 1,-0.714647,6.135823,-5.920352,-1,2
68475,583580,1.989967,37222.931155,37223.042323,1, 0, 0, 1,3.316962,-2.908356,6.964724,-1,2
68475,583581,2.011500,37222.952689,37223.063857,0, 0, 0, 0,-99.000000,-99.000000,-99.000000,-1,1
68475,583623,0.004297,37227.070845,37227.182022,1, 0, 0, 1,-7.297542,0.375037,15.982382,-1,2
68475,583624,0.014067,37227.080616,37227.191792,1, 0, 0, 1,1.943414,0.649247,-11.541225,-1,2
68475,583625,0.098986,37227.165535,37227.276711,1, 0, 0, 1,-6.588353,-1.921324,-13.459080,-1,2
68475,583626,0.228979,37227.295527,37227.406704,1, 0, 0, 1,-0.000655,0.748951,-11.911646,-1,2
68475,583627,0.270484,37227.337032,37227.448209,1, 0, 0, 1,4.638460,1.861153,-17.579090,-1,2
68475,583628,0.278852,37227.345400,37227.456577,0, 0, 0, 0,-99.000000,-99.000000,-99.000000,-1,1
68475,583629,0.654458,37227.721006,37227.832183,0, 0, 0, 0,-99.000000,-99.000000,-99.000000,-1,1
68475,583630,0.719046,37227.785594,37227.896771,0, 0, 0, 0,-99.000000,-99.000000,-99.000000,-1,1
68475,583631,0.800832,37227.867379,37227.978557,1, 0, 0, 1,5.845523,8.588534,-7.997802,-1,2
68475,583632,0.838269,37227.904816,37228.015994,0, 0, 0, 0,-99.000000,-99.000000,-99.000000,-1,1
68475,583633,1.000022,37228.066569,37228.177747,0, 0, 0, 0,-99.000000,-99.000000,-99.000000,-1,1
68475,583634,1.091672,37228.158218,37228.269397,1, 0, 0, 1,0.312737,3.496935,9.243118,-1,2
68475,583635,1.117819,37228.184366,37228.295544,1, 0, 0, 1,1.953013,-2.360929,17.345144,-1,2
68475,583636,1.211237,37228.277784,37228.388962,1, 0, 0, 1,5.522784,3.153264,12.037869,-1,2
68475,583637,1.212556,37228.279103,37228.390281,1, 0, 0, 1,4.055973,-1.521251,12.779517,-1,12
68475,583638,1.233224,37228.299770,37228.410949,1, 0, 0, 1,-2.491974,8.629115,7.289625,-1,3
68475,583639,1.253673,37228.320219,37228.431398,0, 0, 0, 0,-99.000000,-99.000000,-99.000000,-1,1
68475,583640,1.327704,37228.394250,37228.505429,0, 0, 0, 0,-99.000000,-99.000000,-99.000000,-1,1
68475,583641,1.431464,37228.498010,37228.609189,0, 0, 0, 0,-99.000000,-99.000000,-99.000000,-1,1
68475,583642,1.444191,37228.510737,37228.621916,0, 0, 0, 0,-99.000000,-99.000000,-99.000000,-1,0
68475,583643,1.512303,37228.578849,37228.690028,0, 0, 0, 0,-99.000000,-99.000000,-99.000000,-1,1
68475,583644,1.617037,37228.683582,37228.794762,1, 0, 0, 1,-2.707028,-6.582084,19.110244,-1,2
68475,583645,1.704287,37228.770832,37228.882012,0, 0, 0, 0,-99.000000,-99.000000,-99.000000,-1,1
68475,583646,1.733311,37228.799856,37228.911036,0, 0, 0, 0,-99.000000,-99.000000,-99.000000,-1,1
68475,583647,1.748648,37228.815193,37228.926373,0, 0, 0, 0,-99.000000,-99.000000,-99.000000,-1,1
68475,583648,1.778981,37228.845526,37228.956706,0, 0, 0, 0,-99.000000,-99.000000,-99.000000,-1,0
68475,583649,1.911554,37228.978099,37229.089279,0, 0, 0, 0,-99.000000,-99.000000,-99.000000,-1,1
68475,583943,0.116082,37257.543012,37257.654250,1, 0, 0, 1,-4.908612,-9.805316,16.088697,-1,2
68475,583944,0.169944,37257.596874,37257.708112,0, 0, 0, 0,-99.000000,-99.000000,-99.000000,-1,1
68475,583945,0.194487,37257.621417,37257.732656,1, 0, 0, 1,3.015163,5.975772,-14.651359,-1,2
68475,583946,0.433598,37257.860528,37257.971766,0, 0, 0, 0,-99.000000,-99.000000,-99.000000,-1,0
68475,583947,0.486289,37257.913219,37258.024457,0, 0, 0, 0,-99.000000,-99.000000,-99.000000,-1,1
68475,583948,0.538514,37257.965443,37258.076682,1, 0, 0, 1,6.465908,-3.477745,1.055801,-1,2
68475,583949,0.792911,37258.219840,37258.331079,1, 0, 0, 1,-19.394712,16.699321,-0.123480,-1,2
68475,583950,0.930410,37258.357338,37258.468578,1, 0, 0, 1,-6.389938,-2.977601,-1.733523,-1,2
68475,583951,1.082650,37258.509578,37258.620818,1, 0, 0, 1,4.932382,-1.143248,-14.125272,-1,2
68475,583952,1.165906,37258.592834,37258.704074,1, 0, 0, 1,4.279573,0.852069,-11.679390,-1,2
68475,583953,1.208891,37258.635819,37258.747060,0, 0, 0, 0,-99.000000,-99.000000,-99.000000,-1,1
68475,583954,1.222601,37258.649529,37258.760769,0, 0, 0, 0,-99.000000,-99.000000,-99.000000,-1,1
68475,583955,1.408174,37258.835102,37258.946343,1, 0, 0, 1,7.425135,-2.050162,-7.703398,-1,2
68475,583956,1.551104,37258.978031,37259.089272,0, 0, 0, 0,-99.000000,-99.000000,-99.000000,-1,1
68475,583957,1.654846,37259.081773,37259.193014,0, 0, 0, 0,-99.000000,-99.000000,-99.000000,-1,1
68475,583958,1.716669,37259.143597,37259.254838,1, 0, 0, 1,-0.355151,-5.545539,-7.753944,-1,2
68475,583959,1.805071,37259.231998,37259.343239,0, 0, 0, 0,-99.000000,-99.000000,-99.000000,-1,1
68475,583960,1.822233,37259.249160,37259.360401,1, 0, 0, 1,7.090243,2.096790,19.072349,-1,2
68475,583961,1.896574,37259.323501,37259.434743,0, 0, 0, 0,-99.000000,-99.000000,-99.000000,-1,1
68475,583962,1.978812,37259.405739,37259.516981,0, 0, 0, 0,-99.000000,-99.000000,-99.000000,-1,0
68475,583963,2.020508,37259.447435,37259.558676,0, 0, 0, 0,-99.000000,-99.000000,-99.000000,-1,1
68475,584141,0.091434,37276.040096,37276.151371,0, 0, 0, 0,-99.000000,-99.000000,-99.000000,-1,1
68475,584142,0.116568,37276.065230,37276.176505,1, 0, 0, 1,8.256564,-0.846681,-4.787676,-1,2
68475,584143,0.133931,37276.082592,37276.193868,0, 0, 0, 0,-99.000000,-99.000000,-99.000000,-1,1
68475,584144,0.255253,37276.203914,37276.315190,0, 0, 0, 0,-99.000000,-99.000000,-99.000000,-1,0
68475,584145,0.267835,37276.216496,37276.327772,1, 0, 0, 1,2.717357,0.663883,-14.937804,-1,2
68475,584146,0.407504,37276.356165,37276.467441,0, 0, 0, 0,-99.000000,-99.000000,-99.000000,-1,1
68475,584147,0.443366,37276.392027,37276.503303,0, 0, 0, 0,-99.000000,-99.000000,-99.000000,-1,1
68475,584148,0.552591,37276.501252,37276.612528,1, 1, 0, 1,0.424423,1.754821,3.280720,-1,3
68475,584149,0.766395,37276.715055,37276.826332,1, 0, 0, 1,-0.197885,-3.075876,18.622561,-1,2
68475,584150,0.879382,37276.828043,37276.939319,0, 0, 0, 0,-99.000000,-99.000000,-99.000000,-1,1
68475,584151,1.078115,37277.026775,37277.138052,1, 0, 0, 1,1.665448,0.176133,15.438120,-1,2
68475,584152,1.096421,37277.045081,37277.156359,1, 0, 0, 1,8.660209,-5.751779,-2.594564,-1,2
68475,584153,1.184137,37277.132797,37277.244075,0, 0, 0, 0,-99.000000,-99.000000,-99.000000,-1,1
68475,584154,1.276177,37277.224837,37277.336115,1, 0, 0, 1,-0.863343,-6.758426,18.984649,-1,2
68475,584155,1.330221,37277.278881,37277.390159,0, 0, 0, 0,-99.000000,-99.000000,-99.000000,-1,1
68475,584156,1.346091,37277.294751,37277.406029,0, 0, 0, 0,-99.000000,-99.000000,-99.000000,-1,1
68475,584157,1.384872,37277.333532,37277.444810,0, 0, 0, 0,-99.000000,-99.000000,-99.000000,-1,1
68475,584158,1.449796,37277.398455,37277.509733,0, 0, 0, 0,-99.000000,-99.000000,-99.000000,-1,1
68475,584159,1.803548,37277.752207,37277.863485,1, 0, 0, 1,6.377959,-2.826976,-16.417305,-1,2
68475,584160,1.823756,37277.772414,37277.883693,0, 0, 0, 0,-99.000000,-99.000000,-99.000000,-1,0
68475,584161,1.826161,37277.774820,37277.886099,0, 0, 0, 0,-99.000000,-99.000000,-99.000000,-1,1
68475,584162,1.940642,37277.889300,37278.000579,1, 0, 0, 1,-2.400044,3.382304,-7.159128,-1,2
68475,584163,1.960438,37277.909096,37278.020375,1, 0, 0, 1,-2.745253,2.270655,-0.447704,-1,2
68475,584457,0.091927,37306.400971,37306.512308,1, 0, 0, 1,-2.760125,-2.342870,0.021416,-1,2
68475,584458,0.092109,37306.401153,37306.512490,1, 0, 0, 1,-5.056896,-6.000689,13.135603,-1,2
68475,584459,0.134261,37306.443305,37306.554642,1, 0, 0, 1,-5.072661,-2.097409,2.677783,-1,2
68475,584460,0.142436,37306.451480,37306.562817,1, 0, 0, 1,-4.141211,-6.855182,-8.861796,-1,2
68475,584461,0.192783,37306.501827,37306.613164,1, 0, 0, 1,-5.848314,2.227562,3.176455,-1,2
68475,584462,0.247450,37306.556494,37306.667831,0, 0, 0, 0,-99.000000,-99.000000,-99.000000,-1,1
68475,584463,0.282634,37306.591678,37306.703015,0, 0, 0, 0,-99.000000,-99.000000,-99.000000,-1,1
68475,584464,0.343526,37306.652569,37306.763906,0, 0, 0, 0,-99.000000,-99.000000,-99.000000,-1,1
68475,584465,0.485724,37306.794767,37306.906104,1, 0, 0, 1,0.362093,-0.505987,5.559718,-1,2
68475,584466,0.730634,37307.039676,37307.151014,0, 0, 0, 0,-99.000000,-99.000000,-99.000000,-1,1
68475,584467,0.770075,37307.079117,37307.190455,1, 0, 0, 1,4.432782,5.663212,9.391189,-1,2
68475,584468,0.801190,37307.110233,37307.221571,0, 0, 0, 0,-99.000000,-99.000000,-99.000000,-1,1
68475,584469,0.810809,37307.119851,37307.231189,1, 0, 0, 1,5.051566,3.573545,12.451723,-1,2
68475,584470,0.860736,37307.169779,37307.281117,1, 0, 0, 1,6.044147,0.158333,-19.453592,-1,2
68475,584471,0.909246,37307.218288,37307.329627,1, 0, 0, 1,-29.361198,19.721984,1.020844,-1,2
68475,584472,0.966656,37307.275699,37307.387037,0, 0, 0, 0,-99.000000,-99.000000,-99.000000,-1,0
68475,584473,1.044281,37307.353323,37307.464662,1, 0, 0, 1,-0.470837,9.290202,9.819044,-1,2
68475,584474,1.263630,37307.572672,37307.684011,1, 0, 0, 1,-0.654538,2.644614,17.362744,-1,2
68475,584475,1.369253,37307.678294,37307.789634,1, 0, 0, 1,0.082107,0.049907,7.822850,-1,2
68475,584476,1.535061,37307.844102,37307.955442,1, 0, 0, 1,4.228190,0.125540,-6.274835,-1,2
68475,584477,1.549858,37307.858899,37307.970239,0, 0, 0, 0,-99.000000,-99.000000,-99.000000,-1,1
68475,584478,1.567878,37307.876919,37307.988259,0, 0, 0, 0,-99.000000,-99.000000,-99.000000,-1,1
68475,584479,1.610787,37307.919828,37308.031168,1, 0, 0, 1,-3.011570,1.266479,-15.497130,-1,2
68475,584480,1.653667,37307.962708,37308.074048,0, 0, 0, 0,-99.000000,-99.000000,-99.000000,-1,1
68475,584481,1.704285,37308.013325,37308.124665,1, 0, 0, 1,0.597495,-3.888787,11.612697,-1,2
68475,584482,1.797856,37308.106896,37308.218236,0, 0, 0, 0,-99.000000,-99.000000,-99.000000,-1,0
68475,584483,1.990507,37308.299547,37308.410887,1, 0, 0, 1,-0.208960,11.398942,8.327957,-1,2
68475,584525,0.126000,37312.560315,37312.671664,0, 0, 0, 0,-99.000000,-99.000000,-99.000000,-1,1
68475,584526,0.152434,37312.586749,37312.698098,1, 0, 0, 1,-0.543076,-7.799876,16.866733,-1,2
68475,584527,0.210655,37312.644970,37312.756319,0, 0, 0, 0,-99.000000,-99.000000,-99.000000,-1,1
68475,584528,0.316779,37312.751093,37312.862443,1, 0, 0, 1,-5.560711,2.967745,-19.557030,-1,2
68475,584529,0.465813,37312.900127,37313.011477,1, 0, 0, 1,-1.099665,-4.547212,17.126519,-1,2
68475,584530,0.629240,37313.063554,37313.174904,0, 0, 0, 0,-99.000000,-99.000000,-99.000000,-1,0
68475,584531,0.675365,37313.109679,37313.221029,0, 0, 0, 0,-99.000000,-99.000000,-99.000000,-1,1
68475,584532,0.732448,37313.166762,37313.278112,0, 0, 0, 0,-99.000000,-99.000000,-99.000000,-1,1
68475,584533,0.835348,37313.269661,37313.381012,1, 0, 0, 1,2.451435,-1.895957,11.852768,-1,2
68475,584534,0.888533,37313.322846,37313.434197,1, 0, 0, 1,1.760073,-5.163146,10.025569,-1,2
68475,584535,0.943583,37313.377896,37313.489247,1, 0, 0, 1,-3.022109,0.587237,-17.391504,-1,2
68475,584536,1.009716,37313.444029,37313.555380,0, 0, 0, 0,-99.000000,-99.000000,-99.000000,-1,0
68475,584537,1.131615,37313.565928,37313.677279,1, 0, 0, 1,1.122152,6.770399,10.786972,-1,2
68475,584538,1.138450,37313.572763,37313.684114,1, 0, 0, 1,1.646335,9.616246,5.363091,-1,4
68475,584539,1.179698,37313.614011,37313.725362,0, 0, 0, 0,-99.000000,-99.000000,-99.000000,-1,1
68475,584540,1.417874,37313.852186,37313.963538,1, 0, 0, 1,2.396109,4.035995,8.005125,-1,2
68475,584541,1.418606,37313.852918,37313.964270,0, 0, 0, 0,-99.000000,-99.000000,-99.000000,-1,0
68475,584542,1.424942,37313.859254,37313.970606,0, 0, 0, 0,-99.000000,-99.000000,-99.000000,-1,1
68475,584543,1.459437,37313.893749,37314.005101,1, 0, 0, 1,-4.369251,0.172062,15.181618,-1,2
68475,584544,1.471106,37313.905418,37314.016770,0, 0, 0, 0,-99.000000,-99.000000,-99.000000,-1,0
68475,584545,1.662132,37314.096444,37314.207796,0, 0, 0, 0,-99.000000,-99.000000,-99.000000,-1,0
68475,584546,1.799416,37314.233728,37314.345080,0, 0, 0, 0,-99.000000,-99.000000,-99.000000,-1,1
68475,584547,1.803543,37314.237854,37314.349207,1, 0, 0, 1,-6.095635,3.582206,15.322597,-1,2
68475,584548,1.882339,37314.316650,37314.428003,0, 0, 0, 0,-99.000000,-99.000000,-99.000000,-1,1
68475,584827,0.154258,37342.948954,37343.060365,1, 0, 0, 1,7.959592,13.823604,17.334380,-1,2
68475,584828,0.315955,37343.110651,37343.222062,1, 0, 0, 1,-2.005965,3.396378,2.070960,-1,2
68475,584829,0.467512,37343.262208,37343.373619,0, 0, 0, 0,-99.000000,-99.000000,-99.000000,-1,0
68475,584830,0.504473,37343.299169,37343.410580,1, 0, 0, 1,8.988027,2.964438,5.945401,-1,2
68475,584831,0.646953,37343.441649,37343.553061,1, 0, 0, 1,8.640246,2.198107,-19.834549,-1,2
68475,584832,0.809176,37343.603871,37343.715283,0, 0, 0, 0,-99.000000,-99.000000,-99.000000,-1,1
68475,584833,0.938123,37343.732818,37343.844230,0, 0, 0, 0,-99.000000,-99.000000,-99.000000,-1,0
68475,584834,1.002452,37343.797147,37343.908559,1, 0, 0, 1,1.385571,2.605735,-5.386144,-1,2
68475,584835,1.140459,37343.935154,37344.046566,1, 0, 0, 1,4.912799,-0.908115,-6.991749,-1,2
68475,584836,1.501850,37344.296544,37344.407958,0, 0, 0, 0,-99.000000,-99.000000,-99.000000,-1,1
68475,584837,1.586517,37344.381211,37344.492625,1, 0, 0, 1,6.108385,1.363718,-10.790262,-1,2
68475,584838,1.634400,37344.429093,37344.540507,0, 0, 0, 0,-99.000000,-99.000000,-99.000000,-1,0
68475,584980,0.173913,37361.471778,37361.583226,1, 0, 0, 1,-8.769266,8.015144,12.486592,-1,2
68475,584981,0.269833,37361.567698,37361.679146,1, 0, 0, 1,1.582673,0.428459,-4.030596,-1,2
68475,584982,0.310397,37361.608261,37361.719710,0, 0, 0, 0,-99.000000,-99.000000,-99.000000,-1,0
68475,584983,0.453758,37361.751622,37361.863071,1, 0, 0, 1,-0.123376,5.396716,-3.052997,-1,5
68475,584984,0.474297,37361.772161,37361.883610,0, 0, 0, 0,-99.000000,-99.000000,-99.000000,-1,1
68475,584985,0.514402,37361.812266,37361.923715,1, 0, 0, 1,6.846806,6.829962,-5.933075,-1,2
68475,584986,0.535283,37361.833147,37361.944596,1, 0, 0, 1,-2.333398,-0.309184,-1.306944,-1,2
68475,584987,0.650394,37361.948258,37362.059707,1, 0, 0, 1,-3.559602,-8.015826,-19.215104,-1,2
68475,584988,0.702847,37362.000710,37362.112159,1, 0, 0, 1,-2.624616,2.824532,8.163419,-1,2
68475,584989,0.704009,37362.001872,37362.113322,0, 0, 0, 0,-99.000000,-99.000000,-99.000000,-1,1
68475,584990,0.728842,37362.026706,37362.138155,0, 0, 0, 0,-99.000000,-99.000000,-99.000000,-1,1
68475,584991,0.876609,37362.174472,37362.285922,1, 1, 1, 1,0.057309,0.949574,2.181946,-1,5
68475,584992,0.895651,37362.193514,37362.304964,1, 0, 0, 1,-4.374299,-3.739141,15.573857,-1,2
68475,584993,0.896019,37362.193882,37362.305332,1, 0, 0, 1,-4.448632,-1.091862,-4.547031,-1,2
68475,584994,0.941342,37362.239205,37362.350654,1, 0, 0, 1,-2.270357,-7.045423,13.195243,-1,2
68475,584995,0.953694,37362.251557,37362.363007,0, 0, 0, 0,-99.000000,-99.000000,-99.000000,-1,1
68475,584996,1.006548,37362.304411,37362.415860,1, 0, 0, 1,-1.935737,-6.370053,12.586967,-1,2
68475,584997,1.142326,37362.440188,37362.551639,0, 0, 0, 0,-99.000000,-99.000000,-99.000000,-1,1
68475,584998,1.262488,37362.560350,37362.671801,1, 0, 0, 1,-1.884463,5.590364,19.105122,-1,2
68475,584999,1.310592,37362.608454,37362.719905,1, 0, 0, 1,4.918433,9.999981,-18.468553,-1,4
68475,585000,1.340561,37362.638423,37362.749874,0, 0, 0, 0,-99.000000,-99.000000,-99.000000,-1,1
68475,585001,1.402803,37362.700665,37362.812115,0, 0, 0, 0,-99.000000,-99.000000,-99.000000,-1,0
68475,585002,1.429967,37362.727830,37362.839280,0, 0, 0, 0,-99.000000,-99.000000,-99.000000,-1,1
68475,585003,1.441905,37362.739767,37362.851218,0, 0, 0, 0,-99.000000,-99.000000,-99.000000,-1,1
68475,585004,1.451749,37362.749611,37362.861062,1, 0, 0, 1,0.525470,-4.231599,-10.610963,-1,2
68475,585005,1.452484,37362.750346,37362.861797,0, 0, 0, 0,-99.000000,-99.000000,-99.000000,-1,1
68475,585006,1.490937,37362.788799,37362.900249,0, 0, 0, 0,-99.000000,-99.000000,-99.000000,-1,1
68475,585007,1.584897,37362.882759,37362.994210,1, 0, 0, 1,-2.971272,5.492323,-4.300500,-1,2
68475,585008,1.907658,37363.205519,37363.316971,0, 0, 0, 0,-99.000000,-99.000000,-99.000000,-1,1
68475,585299,0.061762,37391.720008,37391.831518,1, 0, 0, 1,-4.153252,6.615639,-7.741193,-1,2
68475,585300,0.272187,37391.930434,37392.041943,0, 0, 0, 0,-99.000000,-99.000000,-99.000000,-1,1
68475,585301,0.453431,37392.111677,37392.223188,1, 0, 0, 1,2.413172,-8.252256,16.161522,-1,3
68475,585302,0.654540,37392.312785,37392.424296,1, 0, 0, 1,4.397962,-5.581855,1.638488,-1,2
68475,585303,0.791179,37392.449424,37392.560935,0, 0, 0, 0,-99.000000,-99.000000,-99.000000,-1,1
68475,585304,0.802782,37392.461027,37392.572538,1, 0, 0, 1,-4.449818,0.950541,-7.299890,-1,2
68475,585305,0.828794,37392.487039,37392.598550,0, 0, 0, 0,-99.000000,-99.000000,-99.000000,-1,1
68475,585306,0.830362,37392.488607,37392.600118,1, 0, 0, 1,-5.663641,-5.673674,12.496780,-1,3
68475,585307,0.862293,37392.520538,37392.632049,0, 0, 0, 0,-99.000000,-99.000000,-99.000000,-1,0
68475,585308,0.907095,37392.565340,37392.676852,1, 0, 0, 1,3.888667,-3.307069,14.376976,-1,2
68475,585309,0.937128,37392.595372,37392.706884,1, 0, 0, 1,-3.769241,4.084390,7.107183,-1,2
68475,585310,1.028403,37392.686648,37392.798159,1, 1, 0, 1,1.149940,-2.841278,5.518483,-1,3
68475,585311,1.291763,37392.950007,37393.061519,1, 0, 0, 1,-4.697667,7.417069,-2.149376,-1,2
68475,585312,1.315078,37392.973323,37393.084834,1, 1, 0, 1,-0.190816,-2.637213,-5.004088,-1,8
68475,585313,1.415304,37393.073547,37393.185060,1, 0, 0, 1,1.050731,-8.782588,-6.252353,-1,2
68475,585314,1.442617,37393.100861,37393.212373,1, 0, 0, 1,-1.110742,-0.209809,-15.220209,-1,2
68475,585315,1.448358,37393.106602,37393.218115,1, 0, 0, 1,3.364377,-5.091436,8.112520,-1,2
68475,585316,1.472538,37393.130782,37393.242294,1, 0, 0, 1,-5.211145,-0.280254,11.258503,-1,2
68475,585317,1.480442,37393.138686,37393.250198,1, 0, 0, 1,2.968249,-8.146862,-5.685589,-1,2
68475,585318,1.563642,37393.221886,37393.333398,1, 0, 0, 1,-3.957259,-2.643506,15.842408,-1,2
68475,585319,1.679205,37393.337448,37393.448961,1, 0, 0, 1,-4.570600,0.072871,-15.442714,-1,2
68475,585320,1.712654,37393.370897,37393.482410,1, 0, 0, 1,7.425363,-0.270526,-19.932817,-1,4
68475,585321,1.877403,37393.535646,37393.647159,1, 0, 0, 1,7.398386,-1.495149,-13.453925,-1,2
68475,585322,1.911972,37393.570215,37393.681728,1, 0, 0, 1,-4.413734,6.049481,3.693304,-1,2
68475,585356,0.013161,37397.796640,37397.908161,0, 0, 0, 0,-99.000000,-99.000000,-99.000000,-1,1
68475,585357,0.110184,37397.893662,37398.005184,1, 0, 0, 1,4.418431,2.962486,16.489344,-1,2
68475,585358,0.239777,37398.023255,37398.134777,1, 0, 0, 1,-1.097268,-5.884476,15.047625,-1,2
68475,585359,0.252463,37398.035941,37398.147463,1, 1, 1, 1,2.021243,1.953428,4.544246,-1,4
68475,585360,0.366981,37398.150459,37398.261981,0, 0, 0, 0,-99.000000,-99.000000,-99.000000,-1,1
68475,585361,0.411921,37398.195399,37398.306921,0, 0, 0, 0,-99.000000,-99.000000,-99.000000,-1,1
68475,585362,0.590429,37398.373906,37398.485429,1, 1, 0, 1,2.699875,-2.366734,-1.137462,-1,3
68475,585363,0.590499,37398.373977,37398.485500,0, 0, 0, 0,-99.000000,-99.000000,-99.000000,-1,0
68475,585364,0.694362,37398.477839,37398.589362,1, 0, 0, 1,-7.021718,4.371369,20.197711,-1,2
68475,585365,0.730135,37398.513612,37398.625136,0, 0, 0, 0,-99.000000,-99.000000,-99.000000,-1,0
68475,585366,0.822221,37398.605698,37398.717221,0, 0, 0, 0,-99.000000,-99.000000,-99.000000,-1,0
68475,585367,1.085570,37398.869046,37398.980570,1, 0, 0, 1,2.200250,3.839992,3.705841,-1,2
68475,585368,1.236859,37399.020335,37399.131860,0, 0, 0, 0,-99.000000,-99.000000,-99.000000,-1,1
68475,585369,1.370178,37399.153654,37399.265178,0, 0, 0, 0,-99.000000,-99.000000,-99.000000,-1,1
68475,585370,1.486262,37399.269738,37399.381263,1, 0, 0, 1,-4.064865,-9.284212,21.293781,-1,2
68475,585371,1.739895,37399.523370,37399.634895,0, 0, 0, 0,-99.000000,-99.000000,-99.000000,-1,1
68475,585372,1.744720,37399.528195,37399.639720,1, 0, 0, 1,-4.127801,2.786587,-5.111220,-1,2
68475,585373,1.800497,37399.583972,37399.695497,1, 0, 0, 1,3.092364,6.336840,4.062465,-1,2
68475,585374,1.827726,37399.611201,37399.722727,1, 0, 0, 1,-7.379971,-2.648321,18.496025,-1,2
68475,585692,0.121699,37428.265559,37428.377142,0, 0, 0, 0,-99.000000,-99.000000,-99.000000,-1,1
68475,585693,0.145120,37428.288980,37428.400563,0, 0, 0, 0,-99.000000,-99.000000,-99.000000,-1,1
68475,585694,0.211796,37428.355656,37428.467240,1, 0, 0, 1,-14.069189,-4.993794,-13.774158,-1,2
68475,585695,0.245545,37428.389405,37428.500989,0, 0, 0, 0,-99.000000,-99.000000,-99.000000,-1,1
68475,585696,0.527348,37428.671207,37428.782791,1, 0, 0, 1,0.472395,4.669406,-2.089914,-1,2
68475,585697,0.640856,37428.784715,37428.896300,1, 0, 0, 1,-6.440670,-2.174309,-9.416301,-1,2
68475,585698,0.752111,37428.895970,37429.007555,0, 0, 0, 0,-99.000000,-99.000000,-99.000000,-1,0
68475,585699,0.816315,37428.960174,37429.071758,1, 0, 0, 1,0.092113,-1.408460,-3.970098,-1,2
68475,585700,0.846672,37428.990531,37429.102115,1, 0, 0, 1,1.756237,1.716382,17.611132,-1,2
68475,585701,0.901711,37429.045570,37429.157155,1, 0, 0, 1,-0.127512,9.814334,8.908602,-1,2
68475,585702,1.070988,37429.214846,37429.326431,0, 0, 0, 0,-99.000000,-99.000000,-99.000000,-1,0
68475,585703,1.239439,37429.383297,37429.494882,1, 1, 1, 1,1.946730,0.954180,7.046106,-1,4
68475,585704,1.487358,37429.631216,37429.742802,0, 0, 0, 0,-99.000000,-99.000000,-99.000000,-1,1
68475,585705,1.695700,37429.839557,37429.951143,0, 0, 0, 0,-99.000000,-99.000000,-99.000000,-1,1
68475,585706,1.801567,37429.945423,37430.057010,1, 0, 0, 1,5.401338,1.292648,-16.937179,-1,2
68475,585707,1.958521,37430.102378,37430.213965,0, 0, 0, 0,-99.000000,-99.000000,-99.000000,-1,1
68475,585708,1.963373,37430.107229,37430.218816,1, 0, 0, 1,5.010548,2.250647,-12.429041,-1,2
68475,585853,0.220062,37446.884197,37446.995818,1, 0, 0, 1,10.337732,1.544726,1.343660,-1,2
68475,585854,0.236595,37446.900730,37447.012351,0, 0, 0, 0,-99.000000,-99.000000,-99.000000,-1,1
68475,585855,0.516251,37447.180385,37447.292007,0, 0, 0, 0,-99.000000,-99.000000,-99.000000,-1,1
68475,585856,0.519324,37447.183459,37447.295081,1, 0, 0, 1,10.275477,-1.231999,-14.284782,-1,2
68475,585857,0.583906,37447.248040,37447.359662,1, 0, 0, 1,4.165447,-2.220360,14.246709,-1,2
68475,585858,0.645758,37447.309892,37447.421514,0, 0, 0, 0,-99.000000,-99.000000,-99.000000,-1,1
68475,585859,0.646876,37447.311010,37447.422632,0, 0, 0, 0,-99.000000,-99.000000,-99.000000,-1,0
68475,585860,0.706987,37447.371121,37447.482743,1, 0, 0, 1,-0.922229,-1.591039,-14.231976,-1,2
68475,585861,0.787104,37447.451238,37447.562860,1, 0, 0, 1,1.959672,15.731110,-15.176156,-1,2
68475,585862,0.841458,37447.505592,37447.617215,0, 0, 0, 0,-99.000000,-99.000000,-99.000000,-1,1
68475,585863,1.087530,37447.751663,37447.863286,0, 0, 0, 0,-99.000000,-99.000000,-99.000000,-1,0
68475,585864,1.382336,37448.046469,37448.158092,0, 0, 0, 0,-99.000000,-99.000000,-99.000000,-1,1
68475,585865,1.470800,37448.134933,37448.246557,1, 0, 0, 1,1.809466,-2.176258,-16.999729,-1,2
68475,585866,1.503991,37448.168124,37448.279748,0, 0, 0, 0,-99.000000,-99.000000,-99.000000,-1,1
68475,585867,1.736371,37448.400503,37448.512127,0, 0, 0, 0,-99.000000,-99.000000,-99.000000,-1,1
68475,585868,1.803401,37448.467533,37448.579158,1, 0, 0, 1,-0.614780,2.465880,-5.015963,-1,2
68475,585869,2.020153,37448.684285,37448.795909,0, 0, 0, 0,-99.000000,-99.000000,-99.000000,-1,1
68475,586160,0.056599,37477.081116,37477.192798,0, 0, 0, 0,-99.000000,-99.000000,-99.000000,-1,0
68475,586161,0.228277,37477.252794,37477.364476,1, 0, 0, 1,-6.019158,1.922296,10.149882,-1,2
68475,586162,0.505279,37477.529795,37477.641478,1, 0, 0, 1,0.443938,7.000480,17.060245,-1,2
68475,586163,0.562768,37477.587285,37477.698968,1, 0, 0, 1,6.965777,-0.511674,7.673716,-1,2
68475,586164,0.568673,37477.593190,37477.704873,0, 0, 0, 0,-99.000000,-99.000000,-99.000000,-1,1
68475,586165,0.593342,37477.617858,37477.729542,1, 0, 0, 1,3.358591,-3.617730,-6.166645,-1,2
68475,586166,0.601944,37477.626461,37477.738144,1, 0, 0, 1,-1.962946,-0.027152,9.102867,-1,2
68475,586167,0.640923,37477.665439,37477.777123,0, 0, 0, 0,-99.000000,-99.000000,-99.000000,-1,1
68475,586168,0.868091,37477.892607,37478.004291,1, 0, 0, 1,-0.090170,-7.026173,7.711411,-1,2
68475,586169,1.237857,37478.262372,37478.374057,0, 0, 0, 0,-99.000000,-99.000000,-99.000000,-1,1
68475,586170,1.241428,37478.265943,37478.377628,0, 0, 0, 0,-99.000000,-99.000000,-99.000000,-1,0
68475,586171,1.266953,37478.291468,37478.403153,0, 0, 0, 0,-99.000000,-99.000000,-99.000000,-1,1
68475,586172,1.282309,37478.306824,37478.418509,0, 0, 0, 0,-99.000000,-99.000000,-99.000000,-1,1
68475,586173,1.333061,37478.357576,37478.469260,0, 0, 0, 0,-99.000000,-99.000000,-99.000000,-1,0
68475,586174,1.501756,37478.526270,37478.637955,0, 0, 0, 0,-99.000000,-99.000000,-99.000000,-1,1
68475,586175,1.545390,37478.569904,37478.681590,1, 0, 0, 1,7.787041,-4.711778,-20.797496,-1,2
68475,586176,1.594199,37478.618713,37478.730398,1, 0, 0, 1,0.114713,6.183914,15.168686,-1,4
68475,586177,1.755935,37478.780449,37478.892134,1, 0, 0, 1,-3.195893,9.080775,-15.917779,-1,2
68475,586178,1.793346,37478.817860,37478.929546,1, 1, 0, 1,3.372582,1.869859,2.532349,-1,2
68475,586179,1.817322,37478.841836,37478.953521,1, 0, 0, 1,-0.960394,9.187832,-16.829834,-1,2
68475,586180,1.842535,37478.867049,37478.978734,0, 0, 0, 0,-99.000000,-99.000000,-99.000000,-1,1
68475,586181,1.942578,37478.967092,37479.078778,0, 0, 0, 0,-99.000000,-99.000000,-99.000000,-1,1
68475,586182,1.973227,37478.997740,37479.109426,1, 0, 0, 1,2.154475,-4.419510,-3.989862,-1,7
68475,586183,1.976694,37479.001208,37479.112894,1, 0, 0, 1,-8.246462,-5.471006,-22.098488,-1,2
68475,586218,0.080331,37483.230107,37483.341801,1, 0, 0, 1,3.258814,2.822326,15.514022,-1,2
68475,586219,0.258290,37483.408065,37483.519760,0, 0, 0, 0,-99.000000,-99.000000,-99.000000,-1,0
68475,586220,0.285963,37483.435739,37483.547434,0, 0, 0, 0,-99.000000,-99.000000,-99.000000,-1,1
68475,586221,0.350434,37483.500209,37483.611904,1, 0, 0, 1,1.971753,-1.820624,6.667951,-1,2
68475,586222,0.704685,37483.854459,37483.966155,0, 0, 0, 0,-99.000000,-99.000000,-99.000000,-1,1
68475,586223,0.717087,37483.866861,37483.978557,1, 0, 0, 1,6.384606,-8.656789,-11.181520,-1,3
68475,586224,0.755073,37483.904847,37484.016543,1, 0, 0, 1,-9.353890,0.408766,9.127256,-1,2
68475,586225,0.887078,37484.036852,37484.148549,1, 0, 0, 1,0.659628,0.120898,-20.181231,-1,2
68475,586226,0.948303,37484.098077,37484.209774,1, 0, 0, 1,7.892662,1.304595,9.444138,-1,2
68475,586227,0.971899,37484.121673,37484.233369,1, 0, 0, 1,-4.212297,0.253164,16.015846,-1,2
68475,586228,1.108778,37484.258552,37484.370248,0, 0, 0, 0,-99.000000,-99.000000,-99.000000,-1,1
68475,586229,1.144590,37484.294364,37484.406061,1, 0, 0, 1,4.620054,16.379081,-4.316623,-1,2
68475,586230,1.146119,37484.295893,37484.407590,1, 0, 0, 1,6.352054,3.962179,-11.166552,-1,2
68475,586231,1.301004,37484.450777,37484.562474,1, 0, 0, 1,-4.881068,-0.887012,9.324892,-1,2
68475,586232,1.392239,37484.542012,37484.653709,1, 0, 0, 1,1.506962,2.800167,3.200308,-1,2
68475,586233,1.473816,37484.623589,37484.735286,0, 0, 0, 0,-99.000000,-99.000000,-99.000000,-1,1
68475,586234,1.483243,37484.633016,37484.744713,1, 0, 0, 1,0.161597,-3.301710,2.195164,-1,2
68475,586235,1.520961,37484.670734,37484.782432,1, 0, 0, 1,6.226440,-1.501997,0.084280,-1,2
68475,586236,1.635361,37484.785134,37484.896831,0, 0, 0, 0,-99.000000,-99.000000,-99.000000,-1,0
68475,586237,1.847415,37484.997187,37485.108885,1, 0, 0, 1,1.062967,1.715416,7.684249,-1,2
68475,586238,1.897644,37485.047416,37485.159114,1, 0, 0, 1,-5.817346,-8.491329,21.137347,-1,2
68475,586239,1.954146,37485.103918,37485.215616,1, 0, 0, 1,0.823511,0.114057,13.034832,-1,2
68475,586240,2.021843,37485.171615,37485.283314,1, 0, 0, 1,-3.130947,-7.243139,-1.795962,-1,2
68475,586569,0.141490,37513.651647,37513.763404,0, 0, 0, 0,-99.000000,-99.000000,-99.000000,-1,1
68475,586570,0.168798,37513.678956,37513.790712,1, 0, 0, 1,-5.937680,-3.790012,-4.575895,-1,2
68475,586571,0.326506,37513.836663,37513.948419,1, 0, 0, 1,8.174971,-8.313991,-2.851732,-1,2
68475,586572,0.367126,37513.877283,37513.989039,1, 0, 0, 1,-6.195498,0.246636,-7.699863,-1,2
68475,586573,0.439999,37513.950156,37514.061913,0, 0, 0, 0,-99.000000,-99.000000,-99.000000,-1,0
68475,586574,0.549822,37514.059978,37514.171735,0, 0, 0, 0,-99.000000,-99.000000,-99.000000,-1,1
68475,586575,0.666452,37514.176608,37514.288366,1, 0, 0, 1,-7.172562,0.833104,12.079133,-1,2
68475,586576,0.669991,37514.180148,37514.291905,1, 0, 0, 1,-0.772234,-6.682172,18.100368,-1,2
68475,586577,0.885891,37514.396047,37514.507805,1, 0, 0, 1,-6.978374,-3.855587,-0.228685,-1,2
68475,586578,0.886223,37514.396379,37514.508137,1, 0, 0, 1,5.213166,6.278712,-8.299710,-1,2
68475,586579,1.270850,37514.781005,37514.892764,0, 0, 0, 0,-99.000000,-99.000000,-99.000000,-1,1
68475,586580,1.338019,37514.848175,37514.959933,1, 0, 0, 1,-0.324175,1.020548,-8.679149,-1,2
68475,586581,1.532374,37515.042528,37515.154287,1, 0, 0, 1,5.270689,-0.075923,-6.440915,-1,2
68475,586582,1.538176,37515.048331,37515.160090,1, 0, 0, 1,-5.692790,0.122164,-15.495283,-1,2
68475,586583,1.733643,37515.243797,37515.355557,1, 0, 0, 1,-7.563288,0.233876,-20.325206,-1,2
68475,586584,1.783415,37515.293569,37515.405328,1, 0, 0, 1,6.275341,3.331403,-17.587326,-1,2
68475,586585,1.823046,37515.333200,37515.444960,1, 0, 0, 1,-7.276607,-2.241007,18.465829,-1,2
68475,586586,1.900151,37515.410305,37515.522065,1, 0, 0, 1,8.726578,1.204849,-0.744114,-1,2
68475,586746,0.087988,37532.119170,37532.230964,0, 0, 0, 0,-99.000000,-99.000000,-99.000000,-1,0
68475,586747,0.092502,37532.123683,37532.235477,1, 0, 0, 1,6.100698,-1.418830,-16.018700,-1,2
68475,586748,0.116821,37532.148003,37532.259796,0, 0, 0, 0,-99.000000,-99.000000,-99.000000,-1,0
68475,586749,0.194011,37532.225193,37532.336987,0, 0, 0, 0,-99.000000,-99.000000,-99.000000,-1,1
68475,586750,0.234236,37532.265418,37532.377212,1, 0, 0, 1,-3.390327,-1.680161,10.129497,-1,2
68475,586751,0.274684,37532.305866,37532.417660,1, 0, 0, 1,2.760448,-3.000030,-9.019734,-1,2
68475,586752,0.378430,37532.409611,37532.521405,0, 0, 0, 0,-99.000000,-99.000000,-99.000000,-1,1
68475,586753,0.454600,37532.485781,37532.597575,1, 1, 0, 1,0.864465,-1.347689,20.468266,-1,5
68475,586754,0.542443,37532.573623,37532.685418,1, 0, 0, 1,-0.814352,9.999981,19.478082,-1,3
68475,586755,0.606502,37532.637683,37532.749478,1, 0, 0, 1,4.106597,4.547773,3.249269,-1,2
68475,586756,0.666807,37532.697987,37532.809782,0, 0, 0, 0,-99.000000,-99.000000,-99.000000,-1,1
68475,586757,0.674404,37532.705584,37532.817379,0, 0, 0, 0,-99.000000,-99.000000,-99.000000,-1,1
68475,586758,0.882522,37532.913702,37533.025498,1, 0, 0, 1,0.766907,5.119725,15.756284,-1,2
68475,586759,1.004644,37533.035824,37533.147620,1, 0, 0, 1,-6.815042,4.956861,-6.594047,-1,2
68475,586760,1.445381,37533.476560,37533.588356,1, 0, 0, 1,-0.401107,3.089409,-0.514236,-1,2
68475,586761,1.522280,37533.553459,37533.665255,1, 0, 0, 1,0.588415,-4.292133,6.414651,-1,2
68475,586762,1.718322,37533.749500,37533.861297,1, 0, 0, 1,-4.378490,5.766554,13.208653,-1,2
68475,586763,1.809518,37533.840696,37533.952493,1, 0, 0, 1,0.146246,6.785514,-8.544787,-1,2
68475,586764,1.843540,37533.874718,37533.986516,1, 0, 0, 1,-6.676181,-2.839493,-17.287334,-1,2
68475,587066,0.125110,37562.516674,37562.628529,0, 0, 0, 0,-99.000000,-99.000000,-99.000000,-1,1
68475,587067,0.240359,37562.631922,37562.743777,1, 0, 0, 1,0.225563,5.431350,12.184636,-1,2
68475,587068,0.266358,37562.657921,37562.769776,0, 0, 0, 0,-99.000000,-99.000000,-99.000000,-1,1
68475,587069,0.478763,37562.870325,37562.982182,1, 0, 0, 1,3.467493,-8.687938,7.859471,-1,2
68475,587070,0.667774,37563.059337,37563.171193,1, 0, 0, 1,0.339499,-5.202988,7.817795,-1,2
68475,587071,0.753600,37563.145162,37563.257019,1, 0, 0, 1,-3.238023,-8.722093,-16.734228,-1,2
68475,587072,0.772301,37563.163863,37563.275720,1, 0, 0, 1,4.452095,5.219797,11.489426,-1,2
68475,587073,0.793900,37563.185463,37563.297319,0, 0, 0, 0,-99.000000,-99.000000,-99.000000,-1,1
68475,587074,0.821952,37563.213514,37563.325371,1, 1, 0, 1,3.534486,-1.474293,-6.011880,-1,7
68475,587075,0.913966,37563.305528,37563.417385,1, 0, 0, 1,5.965925,2.693556,7.634640,-1,2
68475,587076,0.920073,37563.311635,37563.423492,1, 0, 0, 1,-5.610689,-5.402827,17.006832,-1,2
68475,587077,0.980984,37563.372546,37563.484403,0, 0, 0, 0,-99.000000,-99.000000,-99.000000,-1,1
68475,587078,1.052980,37563.444541,37563.556398,1, 0, 0, 1,0.496419,-2.738679,-11.501303,-1,2
68475,587079,1.092609,37563.484170,37563.596028,1, 0, 0, 1,-1.674908,5.351433,-8.285871,-1,2
68475,587080,1.098734,37563.490295,37563.602153,1, 0, 0, 1,-3.583433,-2.897088,11.941796,-1,2
68475,587081,1.239468,37563.631029,37563.742887,1, 0, 0, 1,-2.996188,-5.436862,-10.910131,-1,2
68475,587082,1.499107,37563.890668,37564.002526,0, 0, 0, 0,-99.000000,-99.000000,-99.000000,-1,1
68475,587083,1.505649,37563.897209,37564.009068,1, 0, 0, 1,-2.099868,7.549576,-13.544343,-1,2
68475,587084,1.568949,37563.960510,37564.072368,1, 0, 0, 1,-9.870362,-1.371781,5.289248,-1,2
68475,587085,1.723782,37564.115342,37564.227201,1, 0, 0, 1,-3.121359,-8.559698,-7.469271,-1,2
68475,587086,1.960492,37564.352052,37564.463911,0, 0, 0, 0,-99.000000,-99.000000,-99.000000,-1,1
68475,587087,1.974288,37564.365848,37564.477707,1, 0, 0, 1,-3.387715,-4.756751,5.954037,-1,2
68475,587127,0.025737,37568.542488,37568.654355,0, 0, 0, 0,-99.000000,-99.000000,-99.000000,-1,0
68475,587128,0.043060,37568.559811,37568.671678,0, 0, 0, 0,-99.000000,-99.000000,-99.000000,-1,1
68475,587129,0.148482,37568.665233,37568.777101,0, 0, 0, 0,-99.000000,-99.000000,-99.000000,-1,0
68475,587130,0.254096,37568.770846,37568.882714,1, 0, 0, 1,-3.639424,-2.658851,-10.948540,-1,2
68475,587131,0.361909,37568.878659,37568.990528,0, 0, 0, 0,-99.000000,-99.000000,-99.000000,-1,0
68475,587132,0.413055,37568.929805,37569.041674,0, 0, 0, 0,-99.000000,-99.000000,-99.000000,-1,0
68475,587133,0.801167,37569.317916,37569.429785,0, 0, 0, 0,-99.000000,-99.000000,-99.000000,-1,1
68475,587134,0.814301,37569.331050,37569.442919,0, 0, 0, 0,-99.000000,-99.000000,-99.000000,-1,1
68475,587135,1.030236,37569.546985,37569.658855,0, 0, 0, 0,-99.000000,-99.000000,-99.000000,-1,1
68475,587136,1.109225,37569.625973,37569.737843,0, 0, 0, 0,-99.000000,-99.000000,-99.000000,-1,1
68475,587137,1.111739,37569.628487,37569.740357,0, 0, 0, 0,-99.000000,-99.000000,-99.000000,-1,1
68475,587138,1.173709,37569.690457,37569.802327,0, 0, 0, 0,-99.000000,-99.000000,-99.000000,-1,1
68475,587139,1.275224,37569.791972,37569.903843,1, 0, 0, 1,4.349928,1.198375,-3.866350,-1,2
68475,587140,1.356389,37569.873137,37569.985007,1, 0, 0, 1,-2.154816,-3.649371,7.258361,-1,2
68475,587141,1.477652,37569.994400,37570.106271,0, 0, 0, 0,-99.000000,-99.000000,-99.000000,-1,0
68475,587142,1.552773,37570.069521,37570.181392,0, 0, 0, 0,-99.000000,-99.000000,-99.000000,-1,0
68475,587143,1.791566,37570.308314,37570.420185,0, 0, 0, 0,-99.000000,-99.000000,-99.000000,-1,1
68475,587144,1.935088,37570.451835,37570.563706,1, 0, 0, 1,-4.450465,1.007112,-9.861339,-1,2
68475,587145,1.949968,37570.466715,37570.578586,1, 0, 0, 1,-4.428631,-4.745986,19.977006,-1,2
68475,587146,1.986313,37570.503060,37570.614932,1, 0, 0, 1,-2.032284,-3.371359,-18.199812,-1,2
68475,587438,0.038647,37598.915780,37599.027709,1, 1, 0, 1,-1.882393,-0.822822,-4.736597,-1,3
68475,587439,0.149614,37599.026746,37599.138675,0, 0, 0, 0,-99.000000,-99.000000,-99.000000,-1,1
68475,587440,0.414403,37599.291535,37599.403465,1, 0, 0, 1,-0.314779,2.845236,10.909803,-1,2
68475,587441,0.437706,37599.314838,37599.426768,1, 0, 0, 1,4.748579,-7.643113,8.602399,-1,2
68475,587442,0.657821,37599.534953,37599.646883,0, 0, 0, 0,-99.000000,-99.000000,-99.000000,-1,1
68475,587443,0.689092,37599.566223,37599.678153,1, 0, 0, 1,-8.211483,2.582919,12.654754,-1,2
68475,587444,0.707951,37599.585082,37599.697013,0, 0, 0, 0,-99.000000,-99.000000,-99.000000,-1,1
68475,587445,0.744463,37599.621594,37599.733525,1, 0, 0, 1,1.575459,-0.619501,-2.806685,-1,2
68475,587446,0.750254,37599.627385,37599.739316,1, 0, 0, 1,-2.708340,-0.628005,-5.057905,-1,2
68475,587447,0.888312,37599.765443,37599.877374,1, 0, 0, 1,5.230886,6.081368,-12.158447,-1,2
68475,587448,0.925964,37599.803095,37599.915026,1, 0, 0, 1,-2.333894,4.060119,10.507276,-1,2
68475,587449,0.969122,37599.846253,37599.958184,1, 0, 0, 1,-1.474373,-7.454502,-6.113832,-1,2
68475,587450,1.020718,37599.897849,37600.009780,1, 0, 0, 1,3.695480,3.687116,-7.242365,-1,2
68475,587451,1.022549,37599.899680,37600.011611,1, 0, 0, 1,0.614191,4.169013,-11.664681,-1,2
68475,587452,1.183128,37600.060259,37600.172190,1, 0, 0, 1,-0.498833,-2.500567,-15.052521,-1,2
68475,587453,1.438653,37600.315783,37600.427715,0, 0, 0, 0,-99.000000,-99.000000,-99.000000,-1,0
68475,587454,1.616874,37600.494003,37600.605935,1, 0, 0, 1,-7.259356,13.339367,-22.075072,-1,2
68475,587455,1.641716,37600.518845,37600.630778,0, 0, 0, 0,-99.000000,-99.000000,-99.000000,-1,1
68475,587456,1.675962,37600.553092,37600.665024,0, 0, 0, 0,-99.000000,-99.000000,-99.000000,-1,0
68475,587457,1.806207,37600.683336,37600.795269,1, 0, 0, 1,-0.532768,1.178023,1.442307,-1,2
68475,587458,1.844846,37600.721975,37600.833908,0, 0, 0, 0,-99.000000,-99.000000,-99.000000,-1,1
68475,587459,1.854469,37600.731598,37600.843531,0, 0, 0, 0,-99.000000,-99.000000,-99.000000,-1,1
68475,587460,1.882464,37600.759593,37600.871526,1, 0, 0, 1,0.693712,-0.357300,-13.928197,-1,2
68475,587614,0.004066,37617.391178,37617.503144,1, 0, 0, 1,3.955861,-1.635478,-3.761628,-1,2
68475,587615,0.048798,37617.435910,37617.547876,1, 0, 0, 1,7.335950,2.025647,-14.844732,-1,2
68475,587616,0.056490,37617.443601,37617.555568,1, 0, 0, 1,1.269478,2.983910,-21.108469,-1,2
68475,587617,0.472875,37617.859985,37617.971953,1, 0, 0, 1,-0.097239,7.199226,9.872379,-1,2
68475,587618,0.495126,37617.882236,37617.994204,1, 0, 0, 1,-0.816328,-4.249202,-3.822170,-1,2
68475,587619,0.570629,37617.957740,37618.069708,0, 0, 0, 0,-99.000000,-99.000000,-99.000000,-1,0
68475,587620,0.654189,37618.041299,37618.153267,1, 0, 0, 1,-3.863039,2.558167,10.094960,-1,2
68475,587621,1.035195,37618.422304,37618.534273,0, 0, 0, 0,-99.000000,-99.000000,-99.000000,-1,0
68475,587622,1.290910,37618.678019,37618.789988,1, 0, 0, 1,3.553443,-2.594088,2.960341,-1,2
68475,587623,1.398692,37618.785801,37618.897770,0, 0, 0, 0,-99.000000,-99.000000,-99.000000,-1,0
68475,587624,1.430824,37618.817933,37618.929902,0, 0, 0, 0,-99.000000,-99.000000,-99.000000,-1,1
68475,587625,1.445937,37618.833046,37618.945015,0, 0, 0, 0,-99.000000,-99.000000,-99.000000,-1,0
68475,587626,1.625155,37619.012263,37619.124233,0, 0, 0, 0,-99.000000,-99.000000,-99.000000,-1,1
68475,587627,1.636295,37619.023404,37619.135374,1, 0, 0, 1,7.250130,4.004612,3.445140,-1,2
68475,587628,1.839799,37619.226906,37619.338877,1, 0, 0, 1,7.009487,0.513636,10.132684,-1,2
68475,587629,1.877832,37619.264940,37619.376910,1, 0, 0, 1,-2.625610,7.104022,-5.181185,-1,2
68475,587894,0.050686,37647.798180,37647.910208,1, 0, 0, 1,-4.376623,5.680024,-15.066158,-1,2
68475,587895,0.225861,37647.973354,37648.085383,0, 0, 0, 0,-99.000000,-99.000000,-99.000000,-1,0
68475,587896,0.326269,37648.073762,37648.185791,1, 0, 0, 1,7.106647,13.786305,17.517623,-1,2
68475,587897,0.330134,37648.077626,37648.189655,0, 0, 0, 0,-99.000000,-99.000000,-99.000000,-1,1
68475,587898,0.450775,37648.198268,37648.310297,0, 0, 0, 0,-99.000000,-99.000000,-99.000000,-1,1
68475,587899,0.566977,37648.314469,37648.426498,0, 0, 0, 0,-99.000000,-99.000000,-99.000000,-1,1
68475,587900,0.681199,37648.428691,37648.540721,1, 0, 0, 1,3.957485,1.313457,5.050155,-1,3
68475,587901,0.695618,37648.443110,37648.555140,1, 0, 0, 1,-7.698858,2.431104,-16.885242,-1,2
68475,587902,0.723258,37648.470750,37648.582780,1, 0, 0, 1,5.954568,0.752200,2.149439,-1,2
68475,587903,0.833874,37648.581366,37648.693396,1, 0, 0, 1,-0.906224,3.937865,-8.433133,-1,2
68475,587904,0.840912,37648.588404,37648.700434,1, 0, 0, 1,4.417056,2.237835,-6.844001,-1,2
68475,587905,0.872505,37648.619997,37648.732027,0, 0, 0, 0,-99.000000,-99.000000,-99.000000,-1,1
68475,587906,0.914617,37648.662108,37648.774138,1, 0, 0, 1,6.677555,3.260924,-7.479410,-1,2
68475,587907,0.996265,37648.743756,37648.855787,0, 0, 0, 0,-99.000000,-99.000000,-99.000000,-1,1
68475,587908,1.050560,37648.798051,37648.910082,0, 0, 0, 0,-99.000000,-99.000000,-99.000000,-1,0
68475,587909,1.082621,37648.830113,37648.942143,0, 0, 0, 0,-99.000000,-99.000000,-99.000000,-1,0
68475,587910,1.094685,37648.842176,37648.954206,0, 0, 0, 0,-99.000000,-99.000000,-99.000000,-1,1
68475,587911,1.126164,37648.873655,37648.985685,0, 0, 0, 0,-99.000000,-99.000000,-99.000000,-1,1
68475,587912,1.138979,37648.886470,37648.998500,0, 0, 0, 0,-99.000000,-99.000000,-99.000000,-1,1
68475,587913,1.219916,37648.967407,37649.079437,1, 0, 0, 1,-0.792748,-7.244179,5.221687,-1,2
68475,587914,1.262006,37649.009497,37649.121528,1, 0, 0, 1,1.661346,-8.078131,11.373020,-1,2
68475,587915,1.363845,37649.111336,37649.223367,1, 0, 0, 1,-3.983015,-6.291427,-9.932165,-1,2
68475,587916,1.374506,37649.121997,37649.234028,1, 0, 0, 1,-7.465971,0.332810,-0.814159,-1,2
68475,587917,1.382448,37649.129939,37649.241970,1, 0, 0, 1,5.744107,0.446059,-15.591048,-1,2
68475,587918,1.413897,37649.161387,37649.273418,0, 0, 0, 0,-99.000000,-99.000000,-99.000000,-1,1
68475,587919,1.449023,37649.196513,37649.308544,1, 0, 0, 1,3.077455,-4.299565,8.199783,-1,2
68475,587920,1.584190,37649.331680,37649.443711,0, 0, 0, 0,-99.000000,-99.000000,-99.000000,-1,1
68475,587921,1.620003,37649.367493,37649.479524,1, 0, 0, 1,-6.540060,-0.153510,-0.679081,-1,2
68475,587922,1.626234,37649.373724,37649.485755,1, 0, 0, 1,-2.551177,-8.316047,4.783737,-1,2
68475,587923,1.777166,37649.524656,37649.636688,0, 0, 0, 0,-99.000000,-99.000000,-99.000000,-1,0
68475,587924,1.840267,37649.587757,37649.699789,0, 0, 0, 0,-99.000000,-99.000000,-99.000000,-1,1
68475,587925,1.907690,37649.655180,37649.767212,0, 0, 0, 0,-99.000000,-99.000000,-99.000000,-1,1
68475,587967,0.338320,37654.210972,37654.323014,1, 0, 0, 1,0.050866,-1.704102,-10.103090,-1,2
68475,587968,0.405068,37654.277720,37654.389761,0, 0, 0, 0,-99.000000,-99.000000,-99.000000,-1,0
68475,587969,0.690657,37654.563309,37654.675351,1, 0, 0, 1,4.156357,7.040298,-3.838018,-1,2
68475,587970,0.699162,37654.571814,37654.683856,1, 0, 0, 1,1.630974,-7.868735,-15.900796,-1,2
68475,587971,0.714731,37654.587383,37654.699425,0, 0, 0, 0,-99.000000,-99.000000,-99.000000,-1,1
68475,587972,0.756912,37654.629564,37654.741606,1, 0, 0, 1,1.794480,-5.590812,6.080059,-1,2
68475,587973,0.876572,37654.749223,37654.861266,1, 0, 0, 1,-3.245271,0.636109,16.855179,-1,2
68475,587974,0.883329,37654.755981,37654.868023,0, 0, 0, 0,-99.000000,-99.000000,-99.000000,-1,1
68475,587975,0.921175,37654.793826,37654.905868,1, 0, 0, 1,4.113156,-6.887343,-9.190671,-1,2
68475,587976,1.009237,37654.881888,37654.993931,0, 0, 0, 0,-99.000000,-99.000000,-99.000000,-1,1
68475,587977,1.139983,37655.012634,37655.124677,0, 0, 0, 0,-99.000000,-99.000000,-99.000000,-1,1
68475,587978,1.178476,37655.051126,37655.163169,0, 0, 0, 0,-99.000000,-99.000000,-99.000000,-1,1
68475,587979,1.505213,37655.377863,37655.489906,0, 0, 0, 0,-99.000000,-99.000000,-99.000000,-1,1
68475,587980,1.652059,37655.524709,37655.636753,1, 0, 0, 1,2.603417,-3.152637,10.510930,-1,2
68475,588244,0.385072,37684.618106,37684.730208,1, 0, 0, 1,4.289442,-4.320883,20.193215,-1,2
68475,588245,0.390772,37684.623806,37684.735909,0, 0, 0, 0,-99.000000,-99.000000,-99.000000,-1,1
68475,588246,0.571035,37684.804068,37684.916172,0, 0, 0, 0,-99.000000,-99.000000,-99.000000,-1,1
68475,588247,0.699892,37684.932925,37685.045029,1, 0, 0, 1,-2.308074,-0.430884,-4.205926,-1,2
68475,588248,0.808137,37685.041170,37685.153274,1, 0, 0, 1,2.224774,4.285226,-1.960583,-1,2
68475,588249,0.884204,37685.117238,37685.229341,1, 0, 0, 1,2.777486,5.898229,-18.127125,-1,2
68475,588250,1.025377,37685.258410,37685.370514,0, 0, 0, 0,-99.000000,-99.000000,-99.000000,-1,0
68475,588251,1.042015,37685.275047,37685.387151,1, 0, 0, 1,-5.735012,-3.677819,-0.005967,-1,2
68475,588252,1.189622,37685.422654,37685.534759,1, 0, 0, 1,-5.314819,1.120123,20.780049,-1,2
68475,588253,1.231611,37685.464643,37685.576748,0, 0, 0, 0,-99.000000,-99.000000,-99.000000,-1,1
68475,588254,1.233739,37685.466771,37685.578876,1, 0, 0, 1,9.618208,1.484283,19.715216,-1,2
68475,588255,1.607352,37685.840384,37685.952489,1, 1, 1, 1,1.772356,-1.035510,3.620083,-1,5
68475,588256,1.738032,37685.971064,37686.083169,1, 0, 0, 1,-5.496134,0.950315,6.406909,-1,3
68475,588257,1.779946,37686.012977,37686.125082,1, 0, 0, 1,1.612389,7.492017,-0.803697,-1,2
68475,590189,0.230188,37887.366613,37887.479126,0, 0, 0, 0,-99.000000,-99.000000,-99.000000,-1,1
68475,590190,0.396342,37887.532767,37887.645281,0, 0, 0, 0,-99.000000,-99.000000,-99.000000,-1,0
68475,590191,0.469505,37887.605930,37887.718444,1, 0, 0, 1,-7.461380,7.454896,-4.522607,-1,2
68475,590192,0.493069,37887.629494,37887.742007,0, 0, 0, 0,-99.000000,-99.000000,-99.000000,-1,1
68475,590193,0.639125,37887.775550,37887.888064,1, 1, 1, 1,1.982962,0.756305,4.148360,-1,5
68475,590194,0.729463,37887.865887,37887.978402,0, 0, 0, 0,-99.000000,-99.000000,-99.000000,-1,1
68475,590195,0.763803,37887.900228,37888.012742,1, 0, 0, 1,3.010387,5.216375,13.415922,-1,2
68475,590196,0.947911,37888.084335,37888.196850,1, 0, 0, 1,3.148683,-4.783460,20.654802,-1,2
68475,590197,0.957663,37888.094087,37888.206602,1, 0, 0, 1,7.971707,0.940874,-5.958734,-1,2
68475,590198,1.089273,37888.225697,37888.338212,0, 0, 0, 0,-99.000000,-99.000000,-99.000000,-1,0
68475,590199,1.338990,37888.475413,37888.587929,1, 0, 0, 1,-2.628968,-2.839261,-10.768734,-1,2
68475,590200,1.394279,37888.530702,37888.643217,1, 0, 0, 1,-2.314672,-0.593942,-4.076514,-1,2
68475,590201,1.415949,37888.552372,37888.664888,1, 0, 0, 1,-1.822452,-2.293980,12.174097,-1,2
68475,590202,1.526650,37888.663073,37888.775589,0, 0, 0, 0,-99.000000,-99.000000,-99.000000,-1,0
68475,590203,1.556005,37888.692428,37888.804944,1, 0, 0, 1,-3.578878,-16.929959,17.909810,-1,2
68475,590204,1.558902,37888.695325,37888.807841,1, 0, 0, 1,-4.990348,0.631794,-11.908613,-1,2
68475,590205,1.581946,37888.718369,37888.830885,1, 0, 0, 1,4.527003,-8.263773,8.795774,-1,2
68475,590206,1.758396,37888.894818,37889.007334,1, 0, 0, 1,-1.057686,0.020886,4.274167,-1,2
68475,590207,1.946659,37889.083080,37889.195597,0, 0, 0, 0,-99.000000,-99.000000,-99.000000,-1,1
68475,590208,1.995484,37889.131906,37889.244423,1, 0, 0, 1,8.001195,3.965561,-3.277953,-1,2
68475,590496,0.015186,37917.511994,37917.624569,0, 0, 0, 0,-99.000000,-99.000000,-99.000000,-1,1
68475,590497,0.224847,37917.721655,37917.834230,0, 0, 0, 0,-99.000000,-99.000000,-99.000000,-1,1
68475,590498,0.231285,37917.728092,37917.840667,1, 0, 0, 1,4.299395,3.671445,7.939702,-1,2
68475,590499,0.241385,37917.738193,37917.850767,1, 1, 1, 1,-0.100819,2.787925,0.628680,-1,3
68475,590500,0.318666,37917.815473,37917.928048,1, 0, 0, 1,-2.922929,-2.123458,-5.658732,-1,2
68475,590501,0.380085,37917.876892,37917.989468,1, 0, 0, 1,5.394687,3.757087,7.635739,-1,2
68475,590502,0.490926,37917.987733,37918.100308,0, 0, 0, 0,-99.000000,-99.000000,-99.000000,-1,1
68475,590503,0.682073,37918.178880,37918.291455,0, 0, 0, 0,-99.000000,-99.000000,-99.000000,-1,1
68475,590504,0.741275,37918.238082,37918.350658,1, 0, 0, 1,2.191905,-9.021744,-15.500590,-1,2
68475,590505,0.793347,37918.290154,37918.402730,1, 0, 0, 1,-5.642894,-3.103407,2.339033,-1,2
68475,590506,1.017057,37918.513862,37918.626439,0, 0, 0, 0,-99.000000,-99.000000,-99.000000,-1,1
68475,590507,1.139937,37918.636742,37918.749319,0, 0, 0, 0,-99.000000,-99.000000,-99.000000,-1,0
68475,590508,1.234291,37918.731096,37918.843673,1, 0, 0, 1,-8.542652,-1.134718,-4.158566,-1,2
68475,590509,1.355732,37918.852537,37918.965114,1, 0, 0, 1,0.395265,-6.494002,20.864790,-1,2
68475,590510,1.565024,37919.061828,37919.174406,0, 0, 0, 0,-99.000000,-99.000000,-99.000000,-1,0
68475,590511,1.982634,37919.479438,37919.592016,0, 0, 0, 0,-99.000000,-99.000000,-99.000000,-1,1
68475,590555,0.076532,37923.698495,37923.811082,1, 0, 0, 1,-5.364984,-2.028319,-0.294763,-1,2
68475,590556,0.101233,37923.723196,37923.835783,1, 0, 0, 1,2.780569,5.937575,7.626743,-1,2
68475,590557,0.128284,37923.750246,37923.862834,0, 0, 0, 0,-99.000000,-99.000000,-99.000000,-1,1
68475,590558,0.289937,37923.911900,37924.024487,1, 0, 0, 1,3.045699,-1.034208,12.259651,-1,2
68475,590559,0.400418,37924.022380,37924.134968,0, 0, 0, 0,-99.000000,-99.000000,-99.000000,-1,1
68475,590560,0.471630,37924.093592,37924.206180,0, 0, 0, 0,-99.000000,-99.000000,-99.000000,-1,1
68475,590561,0.474328,37924.096290,37924.208878,1, 0, 0, 1,-3.013576,-0.153250,-11.783644,-1,2
68475,590562,0.476297,37924.098259,37924.210847,1, 0, 0, 1,-3.534865,1.831225,-0.053363,-1,2
68475,590563,0.477479,37924.099441,37924.212029,0, 0, 0, 0,-99.000000,-99.000000,-99.000000,-1,1
68475,590564,0.591096,37924.213058,37924.325646,0, 0, 0, 0,-99.000000,-99.000000,-99.000000,-1,0
68475,590565,0.723752,37924.345713,37924.458302,0, 0, 0, 0,-99.000000,-99.000000,-99.000000,-1,0
68475,590566,0.783015,37924.404976,37924.517565,1, 0, 0, 1,2.594896,2.322790,6.986814,-1,2
68475,590567,0.816341,37924.438303,37924.550891,1, 0, 0, 1,5.899680,1.279698,11.015346,-1,2
68475,590568,0.853215,37924.475177,37924.587765,0, 0, 0, 0,-99.000000,-99.000000,-99.000000,-1,0
68475,590569,1.351196,37924.973157,37925.085746,1, 0, 0, 1,-5.791346,-2.024036,-5.095235,-1,2
68475,590570,1.371560,37924.993520,37925.106110,1, 0, 0, 1,-2.920260,3.781562,2.924264,-1,2
68475,590571,1.703323,37925.325282,37925.437873,1, 0, 0, 1,-2.483083,0.358918,13.843077,-1,2
68475,590572,1.776006,37925.397965,37925.510556,0, 0, 0, 0,-99.000000,-99.000000,-99.000000,-1,0
68475,590573,1.795775,37925.417735,37925.530325,0, 0, 0, 0,-99.000000,-99.000000,-99.000000,-1,0
68475,590574,1.847084,37925.469043,37925.581634,1, 0, 0, 1,-2.189036,-18.952741,26.887022,-1,2
68475,590864,0.040829,37954.023174,37954.135822,1, 0, 0, 1,3.228626,-8.197333,-14.873156,-1,2
68475,590865,0.065990,37954.048335,37954.160983,1, 0, 0, 1,-8.288975,-0.499532,-15.743546,-1,2
68475,590866,0.234486,37954.216830,37954.329479,0, 0, 0, 0,-99.000000,-99.000000,-99.000000,-1,1
68475,590867,0.257646,37954.239990,37954.352639,1, 0, 0, 1,-9.633104,-0.670824,12.781360,-1,2
68475,590868,0.393415,37954.375759,37954.488409,1, 0, 0, 1,-2.256265,6.561462,-12.319811,-1,2
68475,590869,0.410717,37954.393061,37954.505710,1, 0, 0, 1,-2.083463,-7.391760,-14.424849,-1,2
68475,590870,0.570551,37954.552895,37954.665545,1, 0, 0, 1,-2.364392,7.414596,14.993473,-1,2
68475,590871,0.599785,37954.582129,37954.694779,1, 0, 0, 1,1.724991,-0.878249,-0.958876,-1,2
68475,590872,0.653106,37954.635450,37954.748100,1, 0, 0, 1,2.500670,1.845971,-15.950047,-1,2
68475,590873,0.924970,37954.907313,37955.019963,0, 0, 0, 0,-99.000000,-99.000000,-99.000000,-1,0
68475,590874,1.041836,37955.024179,37955.136830,1, 0, 0, 1,0.696998,-3.928307,10.354592,-1,2
68475,590875,1.052450,37955.034793,37955.147444,0, 0, 0, 0,-99.000000,-99.000000,-99.000000,-1,1
68475,590876,1.108322,37955.090665,37955.203315,1, 0, 0, 1,2.848620,6.886101,5.443637,-1,2
68475,590877,1.121814,37955.104157,37955.216808,0, 0, 0, 0,-99.000000,-99.000000,-99.000000,-1,0
68475,590878,1.164325,37955.146667,37955.259318,0, 0, 0, 0,-99.000000,-99.000000,-99.000000,-1,1
68475,590879,1.212480,37955.194823,37955.307474,1, 0, 0, 1,1.363639,2.255151,-8.277647,-1,2
68475,590880,1.224107,37955.206450,37955.319101,1, 0, 0, 1,5.967516,6.219617,9.139890,-1,2
68475,590881,1.233400,37955.215743,37955.328394,1, 0, 0, 1,7.451047,5.794369,-13.874850,-1,2
68475,590882,1.257833,37955.240175,37955.352827,1, 0, 0, 1,-4.012838,5.392426,11.508319,-1,2
68475,590883,1.400918,37955.383260,37955.495911,1, 0, 0, 1,-6.116411,-2.888199,-5.443710,-1,3
68475,590884,1.452841,37955.435183,37955.547834,1, 0, 0, 1,-8.129929,2.063432,-10.691772,-1,2
68475,590885,1.497288,37955.479630,37955.592281,0, 0, 0, 0,-99.000000,-99.000000,-99.000000,-1,1
68475,590886,1.512241,37955.494583,37955.607234,1, 0, 0, 1,-8.544499,-0.895108,17.402567,-1,3
68475,590887,1.584947,37955.567288,37955.679940,0, 0, 0, 0,-99.000000,-99.000000,-99.000000,-1,1
68475,590888,1.586386,37955.568728,37955.681380,1, 0, 0, 1,-0.251701,5.936840,-10.561852,-1,2
68475,590889,1.607822,37955.590164,37955.702816,0, 0, 0, 0,-99.000000,-99.000000,-99.000000,-1,1
68475,590890,1.663020,37955.645362,37955.758014,0, 0, 0, 0,-99.000000,-99.000000,-99.000000,-1,1
68475,590891,1.709059,37955.691400,37955.804052,1, 0, 0, 1,0.776397,-5.976707,6.026293,-1,2
68475,591056,0.037435,37973.020431,37973.133118,1, 0, 0, 1,-7.859767,-0.485134,-3.570921,-1,2
68475,591057,0.252307,37973.235303,37973.347991,0, 0, 0, 0,-99.000000,-99.000000,-99.000000,-1,1
68475,591058,0.417986,37973.400982,37973.513670,0, 0, 0, 0,-99.000000,-99.000000,-99.000000,-1,1
68475,591059,0.440159,37973.423154,37973.535842,0, 0, 0, 0,-99.000000,-99.000000,-99.000000,-1,1
68475,591060,0.707891,37973.690886,37973.803575,1, 0, 0, 1,-6.250535,2.417074,10.944878,-1,2
68475,591061,0.965859,37973.948853,37974.061542,1, 1, 1, 1,-3.309887,0.464782,3.195118,-1,4
68475,591062,0.987970,37973.970964,37974.083653,1, 0, 0, 1,1.558897,4.065699,-13.837976,-1,2
68475,591063,1.085011,37974.068006,37974.180695,1, 0, 0, 1,-0.131738,1.850650,-12.918131,-1,2
68475,591064,1.253380,37974.236375,37974.349064,0, 0, 0, 0,-99.000000,-99.000000,-99.000000,-1,1
68475,591065,1.289918,37974.272912,37974.385602,0, 0, 0, 0,-99.000000,-99.000000,-99.000000,-1,1
68475,591066,1.378410,37974.361403,37974.474093,1, 0, 0, 1,3.858433,6.192163,18.777273,-1,2
68475,591067,1.432601,37974.415594,37974.528284,1, 0, 0, 1,-5.544459,2.708299,-10.089350,-1,2
68475,591068,1.435949,37974.418943,37974.531633,1, 0, 0, 1,5.372795,2.954529,-10.916290,-1,2
68475,591069,1.698289,37974.681283,37974.793973,1, 0, 0, 1,-3.338399,5.762742,16.379653,-1,2
68475,591070,1.817761,37974.800754,37974.913445,0, 0, 0, 0,-99.000000,-99.000000,-99.000000,-1,0
68475,591071,1.904904,37974.887897,37975.000588,1, 0, 0, 1,8.101411,0.397030,8.711169,-1,2
68475,591352,0.015144,38003.358523,38003.471271,1, 0, 0, 1,4.641442,6.113775,0.073933,-1,2
68475,591353,0.140389,38003.483767,38003.596516,1, 0, 0, 1,9.350849,-3.769124,-19.880181,-1,2
68475,591354,0.359325,38003.702702,38003.815452,0, 0, 0, 0,-99.000000,-99.000000,-99.000000,-1,1
68475,591355,0.505818,38003.849196,38003.961945,1, 0, 0, 1,-7.778045,-0.137524,-5.754612,-1,2
68475,591356,0.536880,38003.880257,38003.993007,0, 0, 0, 0,-99.000000,-99.000000,-99.000000,-1,1
68475,591357,0.613570,38003.956947,38004.069697,1, 0, 0, 1,6.430180,3.777169,-4.597756,-1,2
68475,591358,0.623782,38003.967159,38004.079909,0, 0, 0, 0,-99.000000,-99.000000,-99.000000,-1,1
68475,591359,0.636123,38003.979500,38004.092250,1, 0, 0, 1,3.501353,1.533290,-13.608914,-1,2
68475,591360,0.637503,38003.980880,38004.093630,0, 0, 0, 0,-99.000000,-99.000000,-99.000000,-1,1
68475,591361,0.685543,38004.028920,38004.141670,0, 0, 0, 0,-99.000000,-99.000000,-99.000000,-1,0
68475,591362,0.744274,38004.087651,38004.200401,1, 0, 0, 1,-0.757366,1.558807,-6.971606,-1,2
68475,591363,0.907166,38004.250543,38004.363293,0, 0, 0, 0,-99.000000,-99.000000,-99.000000,-1,1
68475,591364,0.987007,38004.330383,38004.443134,1, 0, 0, 1,-1.097453,-4.930683,-5.055065,-1,2
68475,591365,1.023594,38004.366971,38004.479721,0, 0, 0, 0,-99.000000,-99.000000,-99.000000,-1,1
68475,591366,1.196375,38004.539751,38004.652502,0, 0, 0, 0,-99.000000,-99.000000,-99.000000,-1,0
68475,591367,1.238255,38004.581631,38004.694382,1, 0, 0, 1,-3.153043,2.778065,-4.737194,-1,2
68475,591368,1.324278,38004.667653,38004.780405,1, 0, 0, 1,-0.861150,-0.962784,-3.742550,-1,2
68475,591369,1.330458,38004.673833,38004.786585,1, 0, 0, 1,-8.331411,2.472518,15.553337,-1,2
68475,591370,1.437532,38004.780907,38004.893659,1, 1, 1, 1,0.589085,1.225687,-5.988494,-1,5
68475,591371,1.497427,38004.840803,38004.953554,0, 0, 0, 0,-99.000000,-99.000000,-99.000000,-1,1
68475,591372,1.621749,38004.965124,38005.077876,0, 0, 0, 0,-99.000000,-99.000000,-99.000000,-1,1
68475,591373,2.015762,38005.359136,38005.471889,0, 0, 0, 0,-99.000000,-99.000000,-99.000000,-1,1
68475,591416,0.052944,38009.521430,38009.634191,1, 0, 0, 1,6.155066,4.255411,-8.647548,-1,2
68475,591417,0.310604,38009.779088,38009.891850,0, 0, 0, 0,-99.000000,-99.000000,-99.000000,-1,0
68475,591418,0.354708,38009.823193,38009.935954,1, 0, 0, 1,4.766045,4.011042,0.472358,-1,2
68475,591419,0.455507,38009.923991,38010.036753,0, 0, 0, 0,-99.000000,-99.000000,-99.000000,-1,1
68475,591420,0.689096,38010.157580,38010.270342,0, 0, 0, 0,-99.000000,-99.000000,-99.000000,-1,1
68475,591421,0.756353,38010.224837,38010.337599,0, 0, 0, 0,-99.000000,-99.000000,-99.000000,-1,1
68475,591422,1.010604,38010.479088,38010.591851,1, 0, 0, 1,4.813853,-1.012269,17.874370,-1,2
68475,591423,1.033785,38010.502269,38010.615032,0, 0, 0, 0,-99.000000,-99.000000,-99.000000,-1,0
68475,591424,1.348494,38010.816977,38010.929741,1, 0, 0, 1,1.149480,2.044402,-11.766104,-1,2
68475,591425,1.400832,38010.869315,38010.982078,0, 0, 0, 0,-99.000000,-99.000000,-99.000000,-1,0
68475,591426,1.474337,38010.942820,38011.055584,1, 0, 0, 1,-6.097518,9.331794,-10.699354,-1,2
68475,591427,1.583198,38011.051680,38011.164445,0, 0, 0, 0,-99.000000,-99.000000,-99.000000,-1,0
68475,591428,1.625141,38011.093624,38011.206388,1, 0, 0, 1,-0.718592,0.538086,-8.419452,-1,2
68475,591429,1.710795,38011.179277,38011.292041,0, 0, 0, 0,-99.000000,-99.000000,-99.000000,-1,0
68475,591430,1.737521,38011.206003,38011.318767,1, 0, 0, 1,-4.955364,-2.926217,-13.069135,-1,2
68475,591431,1.759815,38011.228297,38011.341062,1, 0, 0, 1,-7.095628,1.119763,20.918905,-1,2
68475,591432,1.931676,38011.400158,38011.512923,0, 0, 0, 0,-99.000000,-99.000000,-99.000000,-1,0
68475,591433,1.998122,38011.466603,38011.579368,1, 0, 0, 1,3.973193,5.893467,-11.114370,-1,2
68475,591434,2.006851,38011.475332,38011.588097,1, 0, 0, 1,7.645981,1.791996,-3.304548,-1,2
68475,591679,0.140576,38039.969443,38040.082265,0, 0, 0, 0,-99.000000,-99.000000,-99.000000,-1,1
68475,591680,0.230452,38040.059318,38040.172142,1, 0, 0, 1,6.513672,-2.345313,4.565849,-1,2
68475,591681,0.266838,38040.095705,38040.208528,1, 0, 0, 1,2.577287,3.981434,4.654358,-1,2
68475,591682,0.370986,38040.199853,38040.312676,1, 0, 0, 1,-0.730431,-7.065936,15.536829,-1,2
68475,591683,0.385861,38040.214728,38040.327551,1, 0, 0, 1,1.120112,1.706229,5.086959,-1,2
68475,591684,0.570344,38040.399210,38040.512034,1, 0, 0, 1,-5.426023,-2.849934,13.236430,-1,2
68475,591685,0.648745,38040.477611,38040.590435,0, 0, 0, 0,-99.000000,-99.000000,-99.000000,-1,1
68475,591686,0.752147,38040.581013,38040.693837,1, 0, 0, 1,-3.413982,-1.295647,-5.354344,-1,2
68475,591687,0.825080,38040.653945,38040.766770,1, 0, 0, 1,1.393547,-1.778620,-1.248154,-1,2
68475,591688,0.914789,38040.743655,38040.856479,0, 0, 0, 0,-99.000000,-99.000000,-99.000000,-1,0
68475,591689,1.032610,38040.861475,38040.974300,0, 0, 0, 0,-99.000000,-99.000000,-99.000000,-1,1
68475,591690,1.364055,38041.192919,38041.305745,0, 0, 0, 0,-99.000000,-99.000000,-99.000000,-1,1
68475,591691,1.389009,38041.217874,38041.330699,0, 0, 0, 0,-99.000000,-99.000000,-99.000000,-1,1
68475,591692,1.507107,38041.335971,38041.448796,1, 0, 0, 1,-0.248474,6.714088,-14.555353,-1,2
68475,591693,1.540126,38041.368990,38041.481816,0, 0, 0, 0,-99.000000,-99.000000,-99.000000,-1,1
68475,591694,1.593122,38041.421986,38041.534812,0, 0, 0, 0,-99.000000,-99.000000,-99.000000,-1,1
68475,591695,1.849352,38041.678215,38041.791042,1, 0, 0, 1,13.724066,-2.727950,0.403673,-1,2
68475,591866,0.028265,38058.346195,38058.459055,0, 0, 0, 0,-99.000000,-99.000000,-99.000000,-1,0
68475,591867,0.129767,38058.447697,38058.560557,1, 0, 0, 1,-1.525822,1.502981,11.827689,-1,2
68475,591868,0.367036,38058.684965,38058.797826,0, 0, 0, 0,-99.000000,-99.000000,-99.000000,-1,0
68475,591869,0.697969,38059.015897,38059.128759,1, 0, 0, 1,3.057469,5.630394,-20.426539,-1,2
68475,591870,0.783639,38059.101567,38059.214429,0, 0, 0, 0,-99.000000,-99.000000,-99.000000,-1,1
68475,591871,0.805926,38059.123854,38059.236716,0, 0, 0, 0,-99.000000,-99.000000,-99.000000,-1,1
68475,591872,0.869261,38059.187189,38059.300051,0, 0, 0, 0,-99.000000,-99.000000,-99.000000,-1,1
68475,591873,0.936438,38059.254366,38059.367228,1, 0, 0, 1,6.886649,-1.308559,-13.497692,-1,2
68475,591874,1.114762,38059.432690,38059.545552,1, 0, 0, 1,-3.073964,-4.921775,8.887204,-1,2
68475,591875,1.198343,38059.516270,38059.629133,0, 0, 0, 0,-99.000000,-99.000000,-99.000000,-1,1
68475,591876,1.255114,38059.573042,38059.685905,1, 0, 0, 1,7.399558,0.716019,2.541314,-1,2
68475,591877,1.581087,38059.899014,38060.011877,1, 0, 0, 1,2.798100,-10.019025,8.901086,-1,2
68475,591878,1.609809,38059.927736,38060.040599,0, 0, 0, 0,-99.000000,-99.000000,-99.000000,-1,1
68475,591879,1.619932,38059.937859,38060.050723,1, 0, 0, 1,-1.168752,-0.793316,-7.377298,-1,2
68475,591880,1.781546,38060.099472,38060.212336,0, 0, 0, 0,-99.000000,-99.000000,-99.000000,-1,1
68475,591881,1.911324,38060.229250,38060.342114,1, 0, 0, 1,1.803429,-0.156275,9.454410,-1,2
68475,591882,1.963961,38060.281887,38060.394751,1, 0, 0, 1,5.799417,3.625123,-12.284999,-1,2
68475,592169,0.209144,38088.887455,38089.000378,1, 0, 0, 1,-5.961757,0.202571,-12.771506,-1,2
68475,592170,0.223859,38088.902171,38089.015093,1, 0, 0, 1,-2.407524,8.803478,-20.993603,-1,2
68475,592171,0.416797,38089.095108,38089.208031,1, 0, 0, 1,-2.640532,-2.692553,6.061011,-1,2
68475,592172,0.443615,38089.121926,38089.234848,0, 0, 0, 0,-99.000000,-99.000000,-99.000000,-1,1
68475,592173,0.607297,38089.285607,38089.398531,1, 0, 0, 1,1.012600,3.044698,-16.949310,-1,2
68475,592174,0.744292,38089.422603,38089.535526,1, 0, 0, 1,-2.579039,7.021517,-15.185134,-1,2
68475,592175,1.156221,38089.834530,38089.947454,0, 0, 0, 0,-99.000000,-99.000000,-99.000000,-1,0
68475,592176,1.225622,38089.903931,38090.016856,0, 0, 0, 0,-99.000000,-99.000000,-99.000000,-1,1
68475,592177,1.354234,38090.032543,38090.145467,0, 0, 0, 0,-99.000000,-99.000000,-99.000000,-1,1
68475,592178,1.407101,38090.085409,38090.198334,1, 0, 0, 1,1.103788,-10.910307,16.676847,-1,2
68475,592179,1.420451,38090.098760,38090.211685,1, 0, 0, 1,-0.154446,-5.063831,-5.246407,-1,2
68475,592180,1.688997,38090.367306,38090.480231,1, 0, 0, 1,0.488314,2.558668,-15.114437,-1,2
68475,592181,1.796283,38090.474591,38090.587517,0, 0, 0, 0,-99.000000,-99.000000,-99.000000,-1,1
68475,592213,0.028761,38094.832465,38094.945399,1, 0, 0, 1,-0.895198,2.463110,-2.660075,-1,2
68475,592214,0.220955,38095.024659,38095.137593,0, 0, 0, 0,-99.000000,-99.000000,-99.000000,-1,1
68475,592215,0.362106,38095.165809,38095.278744,1, 0, 0, 1,-5.081232,-0.899787,-4.618848,-1,2
68475,592216,0.576338,38095.380041,38095.492976,0, 0, 0, 0,-99.000000,-99.000000,-99.000000,-1,1
68475,592217,0.596346,38095.400049,38095.512984,0, 0, 0, 0,-99.000000,-99.000000,-99.000000,-1,1
68475,592218,0.607972,38095.411675,38095.524611,1, 0, 0, 1,-1.101836,-6.233130,12.801556,-1,2
68475,592219,0.703523,38095.507226,38095.620161,1, 0, 0, 1,-1.080289,0.594218,10.591335,-1,2
68475,592220,0.775789,38095.579492,38095.692427,1, 0, 0, 1,0.501971,10.170290,19.794442,-1,2
68475,592221,0.857890,38095.661593,38095.774528,1, 0, 0, 1,-0.492578,0.818652,2.700659,-1,2
68475,592222,1.062457,38095.866159,38095.979096,0, 0, 0, 0,-99.000000,-99.000000,-99.000000,-1,1
68475,592223,1.137906,38095.941608,38096.054545,1, 0, 0, 1,-2.837279,-2.175142,-16.049101,-1,2
68475,592224,1.140622,38095.944323,38096.057260,1, 0, 0, 1,5.937309,5.312522,19.576623,-1,2
68475,592225,1.158835,38095.962536,38096.075473,0, 0, 0, 0,-99.000000,-99.000000,-99.000000,-1,1
68475,592226,1.568361,38096.372062,38096.484999,0, 0, 0, 0,-99.000000,-99.000000,-99.000000,-1,1
68475,592227,1.586146,38096.389847,38096.502784,1, 0, 0, 1,-4.283971,0.106730,2.753556,-1,2
68475,592228,1.716538,38096.520238,38096.633176,1, 0, 0, 1,-8.273747,1.666063,7.169708,-1,2
68475,592229,1.732770,38096.536470,38096.649408,1, 0, 0, 1,-5.324767,3.008449,16.444204,-1,2
68475,592230,1.734771,38096.538472,38096.651410,1, 0, 0, 1,1.204213,7.108536,16.579674,-1,2
68475,592231,1.803830,38096.607530,38096.720468,0, 0, 0, 0,-99.000000,-99.000000,-99.000000,-1,1
68475,592232,1.820488,38096.624189,38096.737127,1, 0, 0, 1,2.327094,-0.151800,-18.337923,-1,2
68475,592233,1.847754,38096.651454,38096.764392,1, 0, 0, 1,1.756861,2.072400,6.795890,-1,2
68475,592234,1.915729,38096.719430,38096.832368,1, 0, 0, 1,-1.063658,-1.815648,6.603993,-1,2
68475,592235,1.950756,38096.754456,38096.867395,0, 0, 0, 0,-99.000000,-99.000000,-99.000000,-1,1
68475,592236,2.012284,38096.815984,38096.928922,1, 0, 0, 1,-1.673400,-9.833310,15.271766,-1,2
68475,592550,0.147399,38125.311484,38125.424480,0, 0, 0, 0,-99.000000,-99.000000,-99.000000,-1,1
68475,592551,0.294570,38125.458655,38125.571651,1, 0, 0, 1,-2.033064,-0.978530,4.760156,-1,2
68475,592552,0.361389,38125.525474,38125.638470,0, 0, 0, 0,-99.000000,-99.000000,-99.000000,-1,1
68475,592553,0.414648,38125.578733,38125.691730,1, 0, 0, 1,7.761877,-1.434455,5.410169,-1,2
68475,592554,0.566653,38125.730738,38125.843735,1, 0, 0, 1,-3.105746,-9.866177,16.276103,-1,2
68475,592555,0.607392,38125.771477,38125.884474,1, 0, 0, 1,1.704333,-4.100956,-12.741437,-1,2
68475,592556,0.745797,38125.909882,38126.022879,0, 0, 0, 0,-99.000000,-99.000000,-99.000000,-1,1
68475,592557,0.757830,38125.921914,38126.034911,0, 0, 0, 0,-99.000000,-99.000000,-99.000000,-1,1
68475,592558,0.800987,38125.965071,38126.078068,1, 1, 0, 1,0.100845,2.862908,20.900254,-1,3
68475,592559,0.873879,38126.037963,38126.150960,0, 0, 0, 0,-99.000000,-99.000000,-99.000000,-1,1
68475,592560,1.111002,38126.275086,38126.388084,0, 0, 0, 0,-99.000000,-99.000000,-99.000000,-1,0
68475,592561,1.212870,38126.376953,38126.489951,1, 0, 0, 1,5.975470,-0.197044,-18.437697,-1,5
68475,592562,1.227238,38126.391321,38126.504319,1, 0, 0, 1,-5.059929,-5.103678,8.295535,-1,2
68475,592563,1.328281,38126.492364,38126.605362,0, 0, 0, 0,-99.000000,-99.000000,-99.000000,-1,0
68475,592564,1.416149,38126.580232,38126.693231,0, 0, 0, 0,-99.000000,-99.000000,-99.000000,-1,1
68475,592565,1.671146,38126.835228,38126.948227,0, 0, 0, 0,-99.000000,-99.000000,-99.000000,-1,1
68475,592744,0.275174,38143.957997,38144.071030,1, 0, 0, 1,0.051475,11.262013,21.400052,-1,2
68475,592745,0.452670,38144.135492,38144.248526,0, 0, 0, 0,-99.000000,-99.000000,-99.000000,-1,0
68475,592746,0.567335,38144.250157,38144.363191,0, 0, 0, 0,-99.000000,-99.000000,-99.000000,-1,1
68475,592747,0.653016,38144.335837,38144.448872,1, 0, 0, 1,3.176491,2.344095,-12.576004,-1,2
68475,592748,0.701530,38144.384352,38144.497386,0, 0, 0, 0,-99.000000,-99.000000,-99.000000,-1,1
68475,592749,0.795597,38144.478418,38144.591453,1, 0, 0, 1,7.942206,2.151924,3.530585,-1,2
68475,592750,1.060299,38144.743120,38144.856155,1, 0, 0, 1,7.238858,1.034338,-4.910693,-1,2
68475,592751,1.070901,38144.753722,38144.866757,0, 0, 0, 0,-99.000000,-99.000000,-99.000000,-1,0
68475,592752,1.195764,38144.878584,38144.991619,1, 0, 0, 1,-2.621943,4.085171,-2.730156,-1,2
68475,592753,1.384653,38145.067473,38145.180509,0, 0, 0, 0,-99.000000,-99.000000,-99.000000,-1,1
68475,592754,1.613807,38145.296627,38145.409663,1, 0, 0, 1,4.816496,-0.091157,-11.092064,-1,2
68475,592755,1.670794,38145.353614,38145.466650,1, 0, 0, 1,2.523317,-2.772805,5.717942,-1,2
68475,592756,1.690899,38145.373718,38145.486754,0, 0, 0, 0,-99.000000,-99.000000,-99.000000,-1,0
68475,592757,1.812335,38145.495155,38145.608191,1, 0, 0, 1,-0.998995,-0.939589,-0.471712,-1,2
68475,592758,1.875663,38145.558482,38145.671519,1, 0, 0, 1,-7.117928,1.848786,1.367385,-1,3
68475,592759,1.939710,38145.622529,38145.735566,0, 0, 0, 0,-99.000000,-99.000000,-99.000000,-1,1
68475,592760,2.011798,38145.694617,38145.807654,0, 0, 0, 0,-99.000000,-99.000000,-99.000000,-1,1
68475,593066,0.100132,38174.143336,38174.256431,0, 0, 0, 0,-99.000000,-99.000000,-99.000000,-1,1
68475,593067,0.226824,38174.270028,38174.383123,1, 0, 0, 1,-2.581790,-10.695934,6.567435,-1,2
68475,593068,0.314589,38174.357793,38174.470888,0, 0, 0, 0,-99.000000,-99.000000,-99.000000,-1,1
68475,593069,0.394814,38174.438017,38174.551112,1, 0, 0, 1,-5.690618,-3.765845,-3.125616,-1,2
68475,593070,0.640528,38174.683731,38174.796827,1, 0, 0, 1,0.387937,5.944683,15.794167,-1,2
68475,593071,0.807321,38174.850524,38174.963619,0, 0, 0, 0,-99.000000,-99.000000,-99.000000,-1,1
68475,593072,0.821482,38174.864685,38174.977781,1, 0, 0, 1,-0.209093,-7.101531,4.635782,-1,2
68475,593073,0.903318,38174.946521,38175.059617,0, 0, 0, 0,-99.000000,-99.000000,-99.000000,-1,0
68475,593074,1.043094,38175.086296,38175.199393,1, 0, 0, 1,-0.255695,3.766546,-19.013816,-1,2
68475,593075,1.123714,38175.166916,38175.280013,0, 0, 0, 0,-99.000000,-99.000000,-99.000000,-1,1
68475,593076,1.442045,38175.485247,38175.598344,0, 0, 0, 0,-99.000000,-99.000000,-99.000000,-1,1
68475,593077,1.505908,38175.549109,38175.662207,1, 0, 0, 1,1.044970,5.178309,13.519006,-1,2
68475,593078,1.664736,38175.707937,38175.821035,0, 0, 0, 0,-99.000000,-99.000000,-99.000000,-1,1
68475,593079,1.691816,38175.735017,38175.848115,1, 0, 0, 1,4.742529,-2.026504,20.595776,-1,2
68475,593080,1.728556,38175.771757,38175.884855,1, 0, 0, 1,6.564034,-1.216804,19.937532,-1,4
68475,593081,1.881088,38175.924289,38176.037387,1, 0, 0, 1,-4.096756,4.150508,-18.123305,-1,2
68475,593082,2.017841,38176.061041,38176.174139,0, 0, 0, 0,-99.000000,-99.000000,-99.000000,-1,1
68475,593124,0.305456,38180.473955,38180.587062,1, 0, 0, 1,3.492224,1.522040,16.157485,-1,2
68475,593125,0.387817,38180.556316,38180.669424,1, 0, 0, 1,1.607139,-2.284699,9.240984,-1,2
68475,593126,0.469934,38180.638432,38180.751540,1, 0, 0, 1,-3.449425,-6.925820,-11.926406,-1,2
68475,593127,0.538364,38180.706862,38180.819970,1, 0, 0, 1,-0.476968,8.612629,16.766145,-1,2
68475,593128,0.571365,38180.739863,38180.852971,1, 1, 0, 1,-0.639039,-1.076515,-2.054873,-1,2
68475,593129,0.767046,38180.935544,38181.048653,1, 0, 0, 1,4.421504,0.960535,-17.090658,-1,2
68475,593130,0.816088,38180.984586,38181.097694,1, 0, 0, 1,-2.775773,2.816836,11.514985,-1,2
68475,593131,1.093090,38181.261588,38181.374696,1, 0, 0, 1,1.572252,7.604445,9.090807,-1,2
68475,593132,1.107367,38181.275864,38181.388973,1, 0, 0, 1,-5.781901,5.637023,13.608602,-1,2
68475,593133,1.402768,38181.571264,38181.684374,1, 0, 0, 1,-5.525809,-2.072658,-8.087174,-1,2
68475,593134,1.439357,38181.607854,38181.720964,1, 0, 0, 1,-6.533682,-2.920701,10.553704,-1,2
68475,593135,1.553314,38181.721810,38181.834920,0, 0, 0, 0,-99.000000,-99.000000,-99.000000,-1,1
68475,593136,1.685103,38181.853599,38181.966709,0, 0, 0, 0,-99.000000,-99.000000,-99.000000,-1,1
68475,593137,1.826467,38181.994963,38182.108074,0, 0, 0, 0,-99.000000,-99.000000,-99.000000,-1,0
68475,593138,1.879071,38182.047566,38182.160677,0, 0, 0, 0,-99.000000,-99.000000,-99.000000,-1,1
68475,593376,0.559533,38211.088413,38211.201583,1, 0, 0, 1,-8.221898,5.122195,-3.937651,-1,2
68475,593377,0.628363,38211.157243,38211.270412,1, 0, 0, 1,1.646076,0.160292,5.832683,-1,2
68475,593378,0.769729,38211.298608,38211.411778,0, 0, 0, 0,-99.000000,-99.000000,-99.000000,-1,1
68475,593379,0.815908,38211.344787,38211.457957,1, 0, 0, 1,3.429292,1.324829,9.511572,-1,2
68475,593380,0.870304,38211.399183,38211.512353,1, 0, 0, 1,4.822124,-9.211451,-0.677632,-1,2
68475,593381,0.890436,38211.419315,38211.532485,0, 0, 0, 0,-99.000000,-99.000000,-99.000000,-1,1
68475,593382,0.946395,38211.475274,38211.588444,1, 0, 0, 1,5.173405,3.174937,-7.549878,-1,2
68475,593383,0.991134,38211.520013,38211.633184,1, 0, 0, 1,-2.973928,-5.989027,4.469116,-1,2
68475,593384,1.080404,38211.609283,38211.722453,1, 0, 0, 1,8.676196,0.534464,-4.385085,-1,2
68475,593385,1.478844,38212.007722,38212.120893,1, 0, 0, 1,-5.872079,1.844187,13.177168,-1,2
68475,593386,1.559072,38212.087950,38212.201122,0, 0, 0, 0,-99.000000,-99.000000,-99.000000,-1,1
68475,593387,1.779243,38212.308120,38212.421292,1, 0, 0, 1,-0.599985,4.454516,-18.772398,-1,2
68475,593388,1.999360,38212.528237,38212.641410,0, 0, 0, 0,-99.000000,-99.000000,-99.000000,-1,1
68475,593551,0.101324,38229.147400,38229.260606,1, 0, 0, 1,4.808293,3.621567,0.750631,-1,2
68475,593552,0.577689,38229.623764,38229.736971,1, 0, 0, 1,6.362437,2.622354,-20.144908,-1,2
68475,593553,0.622754,38229.668829,38229.782036,0, 0, 0, 0,-99.000000,-99.000000,-99.000000,-1,1
68475,593554,0.652310,38229.698384,38229.811592,1, 0, 0, 1,-6.244180,0.700619,3.946471,-1,2
68475,593555,0.742920,38229.788994,38229.902202,0, 0, 0, 0,-99.000000,-99.000000,-99.000000,-1,1
68475,593556,0.866593,38229.912668,38230.025876,0, 0, 0, 0,-99.000000,-99.000000,-99.000000,-1,1
68475,593557,1.066617,38230.112691,38230.225899,0, 0, 0, 0,-99.000000,-99.000000,-99.000000,-1,1
68475,593558,1.138714,38230.184788,38230.297997,1, 0, 0, 1,5.829740,5.101036,-14.355197,-1,5
68475,593559,1.156232,38230.202306,38230.315514,0, 0, 0, 0,-99.000000,-99.000000,-99.000000,-1,1
68475,593560,1.189505,38230.235578,38230.348787,1, 1, 0, 1,0.386199,-2.723404,-11.431544,-1,3
68475,593561,1.229861,38230.275935,38230.389144,1, 0, 0, 1,6.433619,-3.254016,11.509772,-1,2
68475,593562,1.277480,38230.323553,38230.436762,0, 0, 0, 0,-99.000000,-99.000000,-99.000000,-1,0
68475,593563,1.427633,38230.473706,38230.586915,1, 0, 0, 1,7.051630,-1.482388,-10.533709,-1,2
68475,593564,1.438356,38230.484429,38230.597638,1, 0, 0, 1,-3.675499,0.227948,-2.217630,-1,2
68475,593565,1.458068,38230.504141,38230.617350,1, 0, 0, 1,-2.213765,-4.251006,-5.671960,-1,2
68475,593566,1.541212,38230.587285,38230.700494,0, 0, 0, 0,-99.000000,-99.000000,-99.000000,-1,1
68475,593567,1.560848,38230.606921,38230.720130,1, 0, 0, 1,3.619470,-3.206574,0.760585,-1,2
68475,593568,1.562782,38230.608855,38230.722064,1, 0, 0, 1,7.566230,2.198930,9.904070,-1,2
68475,593569,1.591130,38230.637203,38230.750412,1, 0, 0, 1,2.574450,3.407194,-13.685351,-1,2
68475,593570,1.769015,38230.815088,38230.928297,1, 0, 0, 1,-1.816180,7.112323,-14.949435,-1,3
68475,593571,1.844339,38230.890412,38231.003621,1, 0, 0, 1,-0.514911,8.721926,-2.879005,-1,2
68475,593572,1.892628,38230.938701,38231.051910,0, 0, 0, 0,-99.000000,-99.000000,-99.000000,-1,1
68475,593573,1.975107,38231.021179,38231.134389,0, 0, 0, 0,-99.000000,-99.000000,-99.000000,-1,1
68475,593868,0.400893,38259.807350,38259.920618,1, 0, 0, 1,-2.691287,-6.512338,-2.155040,-1,2
68475,593869,0.473994,38259.880450,38259.993719,0, 0, 0, 0,-99.000000,-99.000000,-99.000000,-1,1
68475,593870,0.515559,38259.922015,38260.035284,1, 0, 0, 1,-5.632461,6.116515,7.783579,-1,2
68475,593871,0.564937,38259.971394,38260.084662,0, 0, 0, 0,-99.000000,-99.000000,-99.000000,-1,0
68475,593872,0.672208,38260.078664,38260.191933,1, 0, 0, 1,4.796022,2.381631,13.178968,-1,2
68475,593873,0.687342,38260.093798,38260.207067,1, 0, 0, 1,-0.052279,-0.247718,19.305730,-1,2
68475,593874,0.819074,38260.225530,38260.338799,0, 0, 0, 0,-99.000000,-99.000000,-99.000000,-1,1
68475,593875,0.829981,38260.236437,38260.349706,1, 0, 0, 1,4.677213,-0.573091,13.512798,-1,2
68475,593876,0.835388,38260.241843,38260.355113,1, 0, 0, 1,4.331748,-6.453352,5.707716,-1,2
68475,593877,0.966029,38260.372484,38260.485754,1, 0, 0, 1,1.657771,4.717872,-13.584501,-1,2
68475,593878,1.092443,38260.498898,38260.612168,1, 0, 0, 1,4.414783,0.183453,-20.988780,-1,2
68475,593879,1.175457,38260.581912,38260.695182,1, 0, 0, 1,1.459898,-7.309843,10.548872,-1,2
68475,593880,1.268841,38260.675295,38260.788566,1, 0, 0, 1,1.038334,-1.467924,-12.560156,-1,2
68475,593881,1.461302,38260.867757,38260.981027,1, 0, 1, 1,-0.227009,4.095717,0.283806,-1,7
68475,593882,1.574334,38260.980788,38261.094059,1, 0, 0, 1,3.042467,5.399687,12.340838,-1,2
68475,593883,1.666456,38261.072910,38261.186181,0, 0, 0, 0,-99.000000,-99.000000,-99.000000,-1,0
68475,593884,1.814681,38261.221135,38261.334406,0, 0, 0, 0,-99.000000,-99.000000,-99.000000,-1,1
68475,593885,1.903332,38261.309785,38261.423057,1, 0, 0, 1,-2.771311,-4.790322,13.343935,-1,2
68475,593886,1.975953,38261.382406,38261.495678,1, 0, 0, 1,-5.691302,1.519605,4.895102,-1,3
68475,593927,0.190043,38265.721680,38265.834961,1, 0, 0, 1,8.363566,0.150002,-7.220448,-1,2
68475,593928,0.461000,38265.992636,38266.105917,1, 0, 0, 1,2.456510,2.848346,-2.202848,-1,2
68475,593929,0.471667,38266.003303,38266.116584,0, 0, 0, 0,-99.000000,-99.000000,-99.000000,-1,1
68475,593930,1.149266,38266.680900,38266.794183,1, 0, 0, 1,5.232225,2.218601,-1.695764,-1,2
68475,593931,1.458924,38266.990558,38267.103841,1, 0, 0, 1,-8.218697,-0.272202,22.078479,-1,2
68475,593932,1.472931,38267.004564,38267.117848,0, 0, 0, 0,-99.000000,-99.000000,-99.000000,-1,1
68475,593933,1.479582,38267.011216,38267.124499,1, 0, 0, 1,-0.330017,3.783970,7.520004,-1,2
68475,593934,1.704047,38267.235681,38267.348964,1, 0, 0, 1,4.194672,2.432720,17.998856,-1,2
68475,594226,0.127950,38296.019967,38296.133309,0, 0, 0, 0,-99.000000,-99.000000,-99.000000,-1,0
68475,594227,0.129340,38296.021357,38296.134699,1, 0, 0, 1,-8.019017,-0.944829,-13.622338,-1,2
68475,594228,0.145871,38296.037889,38296.151231,1, 0, 0, 1,2.324453,4.143646,-1.865803,-1,2
68475,594229,0.237679,38296.129696,38296.243038,0, 0, 0, 0,-99.000000,-99.000000,-99.000000,-1,1
68475,594230,0.302738,38296.194755,38296.308098,1, 0, 0, 1,12.670649,-6.155693,18.129442,-1,2
68475,594231,0.361410,38296.253427,38296.366770,0, 0, 0, 0,-99.000000,-99.000000,-99.000000,-1,1
68475,594232,0.402015,38296.294032,38296.407375,1, 0, 0, 1,-3.510443,0.834847,11.965979,-1,2
68475,594233,0.415322,38296.307339,38296.420682,0, 0, 0, 0,-99.000000,-99.000000,-99.000000,-1,1
68475,594234,0.479603,38296.371620,38296.484963,1, 0, 0, 1,-3.193144,-5.981517,-10.366176,-1,2
68475,594235,0.530691,38296.422708,38296.536051,1, 0, 0, 1,-7.897901,6.942116,8.445660,-1,2
68475,594236,0.884493,38296.776509,38296.889853,1, 0, 0, 1,-3.799554,9.965298,18.715390,-1,2
68475,594237,0.905776,38296.797792,38296.911135,0, 0, 0, 0,-99.000000,-99.000000,-99.000000,-1,1
68475,594238,0.909265,38296.801281,38296.914625,1, 0, 0, 1,4.423101,15.902058,18.665478,-1,2
68475,594239,0.914823,38296.806839,38296.920183,1, 0, 0, 1,7.121302,-5.119009,-17.304403,-1,2
68475,594240,0.941736,38296.833752,38296.947096,1, 0, 0, 1,2.684838,-4.398319,-19.792557,-1,2
68475,594241,1.118119,38297.010135,38297.123479,1, 0, 0, 1,-0.966886,13.879668,14.954631,-1,2
68475,594242,1.242015,38297.134031,38297.247375,0, 0, 0, 0,-99.000000,-99.000000,-99.000000,-1,0
68475,594243,1.414278,38297.306293,38297.419638,1, 0, 0, 1,-1.713493,8.879314,7.811566,-1,2
68475,594244,1.518815,38297.410830,38297.524175,1, 0, 0, 1,1.984616,-3.618616,4.268687,-1,2
68475,594245,1.547455,38297.439470,38297.552815,0, 0, 0, 0,-99.000000,-99.000000,-99.000000,-1,1
68475,594246,1.703742,38297.595756,38297.709102,0, 0, 0, 0,-99.000000,-99.000000,-99.000000,-1,1
68475,594247,1.862542,38297.754556,38297.867901,0, 0, 0, 0,-99.000000,-99.000000,-99.000000,-1,0
68475,594398,0.124330,38314.531403,38314.644783,0, 0, 0, 0,-99.000000,-99.000000,-99.000000,-1,1
68475,594399,0.200806,38314.607879,38314.721259,0, 0, 0, 0,-99.000000,-99.000000,-99.000000,-1,1
68475,594400,0.218728,38314.625801,38314.739181,0, 0, 0, 0,-99.000000,-99.000000,-99.000000,-1,1
68475,594401,0.234759,38314.641832,38314.755212,1, 0, 0, 1,4.706884,-0.496303,-16.453667,-1,2
68475,594402,0.278286,38314.685359,38314.798740,0, 0, 0, 0,-99.000000,-99.000000,-99.000000,-1,0
68475,594403,0.329620,38314.736693,38314.850073,1, 0, 0, 1,-3.660360,1.273251,14.314486,-1,2
68475,594404,0.426194,38314.833267,38314.946647,1, 0, 0, 1,3.870347,-6.990326,21.574444,-1,5
68475,594405,0.505795,38314.912867,38315.026248,1, 0, 0, 1,3.714815,-6.653160,-13.679317,-1,3
68475,594406,0.545910,38314.952982,38315.066363,1, 0, 0, 1,4.104555,1.908335,-7.555662,-1,2
68475,594407,0.549274,38314.956346,38315.069727,1, 0, 0, 1,1.928515,8.900305,16.338045,-1,2
68475,594408,0.617446,38315.024518,38315.137899,0, 0, 0, 0,-99.000000,-99.000000,-99.000000,-1,0
68475,594409,0.645027,38315.052099,38315.165480,0, 0, 0, 0,-99.000000,-99.000000,-99.000000,-1,1
68475,594410,0.744560,38315.151632,38315.265013,0, 0, 0, 0,-99.000000,-99.000000,-99.000000,-1,1
68475,594411,0.785454,38315.192526,38315.305907,0, 0, 0, 0,-99.000000,-99.000000,-99.000000,-1,1
68475,594412,0.853051,38315.260123,38315.373504,1, 0, 0, 1,2.222947,7.736489,7.373190,-1,2
68475,594413,0.875541,38315.282612,38315.395994,1, 0, 0, 1,0.235678,2.831895,3.537576,-1,2
68475,594414,1.075061,38315.482133,38315.595515,0, 0, 0, 0,-99.000000,-99.000000,-99.000000,-1,1
68475,594415,1.146715,38315.553787,38315.667169,0, 0, 0, 0,-99.000000,-99.000000,-99.000000,-1,1
68475,594416,1.625484,38316.032555,38316.145937,1, 0, 0, 1,-6.825195,-2.069372,-4.718048,-1,2
68475,594417,1.815829,38316.222899,38316.336282,0, 0, 0, 0,-99.000000,-99.000000,-99.000000,-1,1
68475,594671,0.076476,38344.843931,38344.957372,0, 0, 0, 0,-99.000000,-99.000000,-99.000000,-1,1
68475,594672,0.301317,38345.068771,38345.182213,1, 0, 0, 1,-0.339227,1.148294,-0.562639,-1,2
68475,594673,0.345154,38345.112608,38345.226050,1, 0, 0, 1,-4.637592,1.150169,9.158485,-1,2
68475,594674,0.372898,38345.140351,38345.253794,0, 0, 0, 0,-99.000000,-99.000000,-99.000000,-1,1
68475,594675,0.464113,38345.231566,38345.345009,0, 0, 0, 0,-99.000000,-99.000000,-99.000000,-1,1
68475,594676,0.538966,38345.306420,38345.419862,1, 0, 0, 1,7.932355,2.087644,-9.746477,-1,2
68475,594677,0.616527,38345.383980,38345.497423,1, 0, 0, 1,-4.710871,6.393863,15.190815,-1,2
68475,594678,0.752382,38345.519835,38345.633278,1, 0, 0, 1,1.044565,2.523849,-13.292904,-1,2
68475,594679,0.822199,38345.589652,38345.703095,1, 0, 0, 1,-3.904832,-6.516026,-7.671167,-1,7
68475,594680,0.898110,38345.665562,38345.779006,1, 0, 0, 1,1.653367,-1.341581,-0.006986,-1,2
68475,594681,1.059913,38345.827365,38345.940809,0, 0, 0, 0,-99.000000,-99.000000,-99.000000,-1,1
68475,594682,1.447549,38346.215000,38346.328444,1, 0, 0, 1,-2.572155,1.989546,9.414678,-1,2
68475,594683,1.450058,38346.217509,38346.330953,1, 1, 0, 1,1.020281,3.414502,5.763378,-1,6
68475,594684,1.670354,38346.437805,38346.551250,0, 0, 0, 0,-99.000000,-99.000000,-99.000000,-1,1
68475,594685,1.695100,38346.462551,38346.575996,0, 0, 0, 0,-99.000000,-99.000000,-99.000000,-1,1
68475,594686,1.941967,38346.709418,38346.822863,1, 0, 0, 1,4.449682,-4.788666,-11.732323,-1,2
68475,594687,1.952333,38346.719784,38346.833229,0, 0, 0, 0,-99.000000,-99.000000,-99.000000,-1,1
68475,594688,2.011968,38346.779419,38346.892864,1, 0, 0, 1,-9.277224,6.922753,21.299716,-1,2
68475,594738,0.079372,38350.972008,38351.085462,1, 0, 0, 1,1.135418,-4.418839,-7.246429,-1,2
68475,594739,0.141817,38351.034452,38351.147906,1, 0, 0, 1,-3.238086,4.476311,-14.192562,-1,2
68475,594740,0.147816,38351.040452,38351.153906,0, 0, 0, 0,-99.000000,-99.000000,-99.000000,-1,1
68475,594741,0.432253,38351.324888,38351.438343,1, 0, 0, 1,1.390858,4.733925,-3.180651,-1,2
68475,594742,0.437548,38351.330183,38351.443637,1, 0, 0, 1,-6.454107,1.219811,10.293866,-1,2
68475,594743,0.628206,38351.520841,38351.634296,0, 0, 0, 0,-99.000000,-99.000000,-99.000000,-1,0
68475,594744,0.652954,38351.545588,38351.659043,1, 0, 0, 1,-7.013315,5.839406,12.275616,-1,2
68475,594745,1.041912,38351.934545,38352.048001,0, 0, 0, 0,-99.000000,-99.000000,-99.000000,-1,1
68475,594746,1.113908,38352.006542,38352.119998,0, 0, 0, 0,-99.000000,-99.000000,-99.000000,-1,1
68475,594747,1.122505,38352.015138,38352.128594,1, 0, 0, 1,-2.017131,-2.645294,-16.923796,-1,2
68475,594748,1.173596,38352.066230,38352.179686,1, 0, 0, 1,-2.233570,5.826749,-3.161904,-1,2
68475,594749,1.210441,38352.103074,38352.216530,1, 0, 0, 1,1.867182,9.999981,4.470266,-1,3
68475,594750,1.478766,38352.371399,38352.484856,0, 0, 0, 0,-99.000000,-99.000000,-99.000000,-1,0
68475,594751,1.560760,38352.453392,38352.566849,0, 0, 0, 0,-99.000000,-99.000000,-99.000000,-1,1
68475,594752,1.647809,38352.540442,38352.653899,1, 0, 0, 1,-5.363310,-2.674444,3.165239,-1,3
68475,594753,1.716222,38352.608854,38352.722312,0, 0, 0, 0,-99.000000,-99.000000,-99.000000,-1,0
68475,594754,1.787195,38352.679827,38352.793285,0, 0, 0, 0,-99.000000,-99.000000,-99.000000,-1,1
68475,594755,1.882871,38352.775503,38352.888961,1, 0, 0, 1,-3.917905,0.802061,-0.793705,-1,2
68475,595034,0.058437,38381.311454,38381.424969,1, 0, 0, 1,4.955429,0.643332,11.085631,-1,2
68475,595035,0.129080,38381.382097,38381.495613,1, 0, 0, 1,5.284968,-2.449458,14.747156,-1,2
68475,595036,0.287214,38381.540230,38381.653746,1, 0, 0, 1,-6.342995,4.139906,-13.369537,-1,2
68475,595037,0.293322,38381.546338,38381.659854,0, 0, 0, 0,-99.000000,-99.000000,-99.000000,-1,1
68475,595038,0.523539,38381.776555,38381.890072,0, 0, 0, 0,-99.000000,-99.000000,-99.000000,-1,1
68475,595039,0.596513,38381.849529,38381.963046,0, 0, 0, 0,-99.000000,-99.000000,-99.000000,-1,1
68475,595040,0.818478,38382.071493,38382.185011,1, 0, 0, 1,-0.914854,-6.016557,11.463293,-1,2
68475,595041,0.905484,38382.158499,38382.272016,1, 0, 0, 1,-7.356770,2.440939,-6.783995,-1,2
68475,595042,0.926685,38382.179700,38382.293217,0, 0, 0, 0,-99.000000,-99.000000,-99.000000,-1,0
68475,595043,1.113298,38382.366313,38382.479831,1, 0, 0, 1,3.285101,6.318885,-4.375149,-1,2
68475,595044,1.268670,38382.521684,38382.635202,0, 0, 0, 0,-99.000000,-99.000000,-99.000000,-1,1
68475,595045,1.446354,38382.699368,38382.812886,1, 0, 0, 1,7.374856,3.345404,12.013033,-1,2
68475,595046,1.618106,38382.871119,38382.984638,0, 0, 0, 0,-99.000000,-99.000000,-99.000000,-1,1
68475,595047,1.787247,38383.040260,38383.153779,1, 0, 0, 1,-3.292024,-1.599792,5.989609,-1,2
68475,595048,1.854418,38383.107431,38383.220951,1, 0, 0, 1,-6.243311,2.308842,-5.924088,-1,2
68475,595049,1.905453,38383.158466,38383.271986,1, 0, 0, 1,-6.093183,4.452715,-14.049933,-1,2
68475,595195,0.107028,38399.876216,38399.989769,0, 0, 0, 0,-99.000000,-99.000000,-99.000000,-1,1
68475,595196,0.195684,38399.964871,38400.078425,0, 0, 0, 0,-99.000000,-99.000000,-99.000000,-1,1
68475,595197,0.287918,38400.057105,38400.170659,1, 0, 0, 1,3.219710,-1.278216,-1.180130,-1,2
68475,595198,0.358903,38400.128091,38400.241645,0, 0, 0, 0,-99.000000,-99.000000,-99.000000,-1,1
68475,595199,0.488847,38400.258033,38400.371588,0, 0, 0, 0,-99.000000,-99.000000,-99.000000,-1,1
68475,595200,0.617386,38400.386573,38400.500127,0, 0, 0, 0,-99.000000,-99.000000,-99.000000,-1,1
68475,595201,0.648621,38400.417808,38400.531363,1, 0, 0, 1,7.164211,10.427405,-3.510791,-1,2
68475,595202,0.660341,38400.429528,38400.543083,0, 0, 0, 0,-99.000000,-99.000000,-99.000000,-1,0
68475,595203,0.695858,38400.465044,38400.578599,0, 0, 0, 0,-99.000000,-99.000000,-99.000000,-1,1
68475,595204,0.710852,38400.480039,38400.593593,1, 0, 0, 1,1.823263,5.074432,-7.261990,-1,2
68475,595205,0.761925,38400.531111,38400.644666,0, 0, 0, 0,-99.000000,-99.000000,-99.000000,-1,1
68475,595206,0.777198,38400.546385,38400.659940,1, 0, 0, 1,-1.106762,6.363616,-7.002716,-1,2
68475,595207,0.777960,38400.547146,38400.660701,1, 0, 0, 1,-0.152553,4.300176,14.114121,-1,2
68475,595208,1.059189,38400.828375,38400.941930,0, 0, 0, 0,-99.000000,-99.000000,-99.000000,-1,0
68475,595209,1.153041,38400.922227,38401.035782,0, 0, 0, 0,-99.000000,-99.000000,-99.000000,-1,1
68475,595210,1.155191,38400.924376,38401.037932,0, 0, 0, 0,-99.000000,-99.000000,-99.000000,-1,1
68475,595211,1.172379,38400.941565,38401.055120,0, 0, 0, 0,-99.000000,-99.000000,-99.000000,-1,1
68475,595212,1.387768,38401.156953,38401.270509,0, 0, 0, 0,-99.000000,-99.000000,-99.000000,-1,1
68475,595213,1.606832,38401.376017,38401.489573,1, 0, 0, 1,2.058063,-1.662885,-12.257898,-1,2
68475,595214,1.671112,38401.440297,38401.553853,1, 0, 0, 1,0.067171,2.906837,-3.941063,-1,2
68475,595215,1.695350,38401.464535,38401.578091,1, 0, 0, 1,7.635735,1.752269,6.942537,-1,2
68475,595216,1.726567,38401.495752,38401.609309,1, 0, 0, 1,7.686658,16.534129,-15.937776,-1,2
68475,595217,1.823755,38401.592939,38401.706496,0, 0, 0, 0,-99.000000,-99.000000,-99.000000,-1,0
68475,595218,1.956325,38401.725509,38401.839067,1, 0, 0, 1,-5.707108,4.552328,7.134243,-1,2
68475,595219,1.969815,38401.738999,38401.852557,1, 0, 0, 1,7.339572,-0.459835,14.370673,-1,2
68475,595522,0.066382,38430.195951,38430.309566,0, 0, 0, 0,-99.000000,-99.000000,-99.000000,-1,1
68475,595523,0.170690,38430.300259,38430.413874,1, 0, 0, 1,-1.834737,-6.181446,17.652209,-1,7
68475,595524,0.536242,38430.665810,38430.779426,1, 0, 0, 1,4.493404,1.233727,-3.540038,-1,2
68475,595525,0.554568,38430.684136,38430.797752,1, 0, 0, 1,5.683648,-2.896511,11.407742,-1,2
68475,595526,0.585904,38430.715471,38430.829088,0, 0, 0, 0,-99.000000,-99.000000,-99.000000,-1,1
68475,595527,0.644669,38430.774237,38430.887853,1, 0, 0, 1,7.525824,1.805762,-5.727357,-1,2
68475,595528,0.699053,38430.828621,38430.942237,1, 0, 0, 1,-0.981399,4.656564,-10.360812,-1,2
68475,595529,0.938888,38431.068455,38431.182072,0, 0, 0, 0,-99.000000,-99.000000,-99.000000,-1,0
68475,595530,1.048404,38431.177971,38431.291588,1, 0, 0, 1,6.434981,3.428838,-10.809794,-1,2
68475,595531,1.172911,38431.302478,38431.416095,0, 0, 0, 0,-99.000000,-99.000000,-99.000000,-1,1
68475,595532,1.505922,38431.635488,38431.749106,0, 0, 0, 0,-99.000000,-99.000000,-99.000000,-1,1
68475,595533,1.666335,38431.795900,38431.909519,0, 0, 0, 0,-99.000000,-99.000000,-99.000000,-1,1
68475,595534,1.895537,38432.025102,38432.138721,0, 0, 0, 0,-99.000000,-99.000000,-99.000000,-1,1
68475,595535,1.968668,38432.098233,38432.211852,1, 0, 0, 1,3.349543,-2.476730,-18.692666,-1,2
68475,595580,0.043884,38436.298554,38436.412181,0, 0, 0, 0,-99.000000,-99.000000,-99.000000,-1,0
68475,595581,0.180257,38436.434926,38436.548554,0, 0, 0, 0,-99.000000,-99.000000,-99.000000,-1,1
68475,595582,0.360485,38436.615154,38436.728782,1, 0, 0, 1,-1.147591,3.890106,-12.398320,-1,2
68475,595583,0.425557,38436.680226,38436.793854,1, 0, 0, 1,4.205034,-4.570149,-3.672294,-1,2
68475,595584,0.521606,38436.776275,38436.889903,1, 0, 0, 1,-2.067605,6.169526,-18.846281,-1,2
68475,595585,0.597094,38436.851763,38436.965391,0, 0, 0, 0,-99.000000,-99.000000,-99.000000,-1,1
68475,595586,0.722483,38436.977152,38437.090781,1, 0, 0, 1,-4.100064,-3.267130,-9.324645,-1,2
68475,595587,0.895495,38437.150163,38437.263792,1, 1, 0, 1,0.835310,-0.490815,-2.649437,-1,3
68475,595588,0.955265,38437.209934,38437.323563,0, 0, 0, 0,-99.000000,-99.000000,-99.000000,-1,1
68475,595589,0.976001,38437.230669,38437.344298,0, 0, 0, 0,-99.000000,-99.000000,-99.000000,-1,1
68475,595590,1.049727,38437.304395,38437.418024,1, 0, 0, 1,-1.662671,-9.094743,-20.069296,-1,2
68475,595591,1.205774,38437.460442,38437.574071,1, 0, 0, 1,6.529339,1.273428,12.370327,-1,2
68475,595592,1.265632,38437.520299,38437.633929,1, 0, 0, 1,0.894413,2.730509,-14.812736,-1,2
68475,595593,1.281860,38437.536527,38437.650157,1, 0, 0, 1,-5.107749,0.449281,5.820425,-1,2
68475,595594,1.352864,38437.607532,38437.721162,0, 0, 0, 0,-99.000000,-99.000000,-99.000000,-1,0
68475,595595,1.376229,38437.630896,38437.744526,1, 0, 0, 1,7.347910,-4.911826,7.183115,-1,2
68475,595596,1.448501,38437.703168,38437.816798,1, 0, 0, 1,-6.327557,-0.638336,-20.233207,-1,2
68475,595597,1.540520,38437.795187,38437.908817,0, 0, 0, 0,-99.000000,-99.000000,-99.000000,-1,1
68475,595598,1.625806,38437.880472,38437.994103,0, 0, 0, 0,-99.000000,-99.000000,-99.000000,-1,1
68475,595599,1.692761,38437.947428,38438.061058,0, 0, 0, 0,-99.000000,-99.000000,-99.000000,-1,1
68475,595600,1.721214,38437.975881,38438.089512,0, 0, 0, 0,-99.000000,-99.000000,-99.000000,-1,1
68475,595601,1.814581,38438.069247,38438.182878,1, 0, 0, 1,3.994358,-0.431991,0.319261,-1,2
68475,595602,1.905235,38438.159901,38438.273532,0, 0, 0, 0,-99.000000,-99.000000,-99.000000,-1,1
68475,595603,1.910580,38438.165246,38438.278877,1, 0, 0, 1,0.419556,6.876384,-9.572976,-1,2
68475,595852,0.021674,38466.636725,38466.750414,0, 0, 0, 0,-99.000000,-99.000000,-99.000000,-1,0
68475,595853,0.064839,38466.679890,38466.793579,0, 0, 0, 0,-99.000000,-99.000000,-99.000000,-1,1
68475,595854,0.308937,38466.923988,38467.037677,0, 0, 0, 0,-99.000000,-99.000000,-99.000000,-1,1
68475,595855,0.357706,38466.972757,38467.086446,1, 0, 0, 1,-7.142460,8.809950,-19.885822,-1,3
68475,595856,0.588984,38467.204034,38467.317724,0, 0, 0, 0,-99.000000,-99.000000,-99.000000,-1,1
68475,595857,0.605374,38467.220424,38467.334114,1, 0, 0, 1,5.634985,-3.620970,-6.572616,-1,2
68475,595858,0.668693,38467.283743,38467.397433,1, 0, 0, 1,3.418176,5.197233,10.287034,-1,2
68475,595859,0.669883,38467.284933,38467.398623,0, 0, 0, 0,-99.000000,-99.000000,-99.000000,-1,1
68475,595860,0.876295,38467.491344,38467.605035,1, 0, 0, 1,-4.099097,-5.457536,13.190710,-1,2
68475,595861,0.890744,38467.505794,38467.619484,1, 0, 0, 1,-4.976603,4.560853,6.261260,-1,2
68475,595862,1.009325,38467.624375,38467.738065,0, 0, 0, 0,-99.000000,-99.000000,-99.000000,-1,1
68475,595863,1.057497,38467.672546,38467.786237,1, 0, 0, 1,6.968749,-0.687413,16.276674,-1,2
68475,595864,1.185422,38467.800471,38467.914162,1, 0, 0, 1,4.640180,-3.058345,21.188156,-1,2
68475,595865,1.237222,38467.852271,38467.965962,1, 0, 0, 1,-2.408825,3.229011,-18.456502,-1,2
68475,595866,1.351417,38467.966465,38468.080157,0, 0, 0, 0,-99.000000,-99.000000,-99.000000,-1,1
68475,595867,1.464274,38468.079322,38468.193014,0, 0, 0, 0,-99.000000,-99.000000,-99.000000,-1,1
68475,595868,1.612074,38468.227122,38468.340814,0, 0, 0, 0,-99.000000,-99.000000,-99.000000,-1,1
68475,595869,1.699004,38468.314052,38468.427744,1, 0, 0, 1,-3.620370,4.086706,9.188542,-1,2
68475,595870,1.798387,38468.413435,38468.527127,1, 0, 0, 1,4.997934,5.413903,3.532373,-1,2
68475,596023,0.135747,38485.268020,38485.381746,1, 0, 0, 1,5.313317,9.098450,-2.924959,-1,3
68475,596024,0.171107,38485.303380,38485.417106,1, 0, 0, 1,1.844238,1.166061,10.803163,-1,2
68475,596025,0.487955,38485.620227,38485.733954,1, 0, 0, 1,-3.760463,1.031179,13.890523,-1,3
68475,596026,0.516937,38485.649209,38485.762936,1, 0, 0, 1,-3.734112,4.482978,-6.415964,-1,2
68475,596027,0.574107,38485.706379,38485.820106,0, 0, 0, 0,-99.000000,-99.000000,-99.000000,-1,0
68475,596028,0.686710,38485.818982,38485.932709,1, 0, 0, 1,-7.812733,0.219278,6.023924,-1,2
68475,596029,1.240118,38486.372388,38486.486117,1, 0, 0, 1,-6.824844,1.776662,19.809510,-1,2
68475,596030,1.324974,38486.457244,38486.570973,1, 0, 0, 1,3.481259,-1.000244,14.619574,-1,2
68475,596031,1.756119,38486.888389,38487.002118,1, 0, 0, 1,3.781112,-4.895705,16.638761,-1,2
68475,596032,1.769637,38486.901907,38487.015636,1, 0, 0, 1,4.554963,3.782158,6.096366,-1,2
68475,596033,2.013664,38487.145933,38487.259663,1, 0, 0, 1,3.739936,8.753859,-8.151934,-1,2
68475,596322,0.086690,38515.579345,38515.693132,1, 0, 0, 1,6.441761,-0.480038,-11.888547,-1,2
68475,596323,0.122002,38515.614657,38515.728444,1, 0, 0, 1,6.720117,4.770795,6.607268,-1,2
68475,596324,0.228860,38515.721514,38515.835302,1, 0, 0, 1,8.166083,-3.291628,-17.234082,-1,2
68475,596325,0.320667,38515.813321,38515.927108,0, 0, 0, 0,-99.000000,-99.000000,-99.000000,-1,1
68475,596326,0.376506,38515.869160,38515.982948,1, 0, 0, 1,6.030688,3.095249,-0.874016,-1,2
68475,596327,0.417537,38515.910191,38516.023979,1, 0, 0, 1,0.955248,-0.715274,6.755834,-1,2
68475,596328,0.584977,38516.077630,38516.191418,0, 0, 0, 0,-99.000000,-99.000000,-99.000000,-1,1
68475,596329,0.899044,38516.391697,38516.505486,1, 0, 0, 1,-7.743781,0.451127,13.337051,-1,2
68475,596330,0.900443,38516.393096,38516.506885,0, 0, 0, 0,-99.000000,-99.000000,-99.000000,-1,1
68475,596331,1.052914,38516.545567,38516.659356,0, 0, 0, 0,-99.000000,-99.000000,-99.000000,-1,0
68475,596332,1.355705,38516.848357,38516.962147,1, 0, 0, 1,4.969985,2.815406,6.436209,-1,2
68475,596333,1.520581,38517.013232,38517.127023,0, 0, 0, 0,-99.000000,-99.000000,-99.000000,-1,1
68475,596334,1.646396,38517.139048,38517.252838,1, 1, 0, 1,-0.370318,-1.583965,-2.918118,-1,9
68475,596335,1.703144,38517.195795,38517.309585,1, 0, 0, 1,6.323350,11.134429,20.460824,-1,2
68475,596336,1.715098,38517.207749,38517.321539,1, 0, 0, 1,1.588117,3.204702,-15.368066,-1,2
68475,596337,1.720700,38517.213351,38517.327142,1, 0, 0, 1,5.408428,7.283025,18.613692,-1,2
68475,596338,1.724754,38517.217405,38517.331196,1, 0, 0, 1,1.027171,3.618018,-15.383579,-1,2
68475,596339,1.776983,38517.269633,38517.383424,1, 0, 0, 1,-4.152802,-8.982357,20.186998,-1,2
68475,596340,1.896218,38517.388869,38517.502660,0, 0, 0, 0,-99.000000,-99.000000,-99.000000,-1,1
68475,596341,1.985719,38517.478369,38517.592161,1, 0, 0, 1,-5.471115,5.183169,9.239515,-1,2
68475,596378,0.052279,38521.670172,38521.783971,0, 0, 0, 0,-99.000000,-99.000000,-99.000000,-1,1
68475,596379,0.109907,38521.727800,38521.841599,1, 0, 0, 1,-2.100407,-3.565126,7.994504,-1,2
68475,596380,0.204060,38521.821953,38521.935753,1, 0, 0, 1,3.553001,5.331730,-16.563414,-1,2
68475,596381,0.213988,38521.831880,38521.945680,0, 0, 0, 0,-99.000000,-99.000000,-99.000000,-1,1
68475,596382,0.387548,38522.005440,38522.119240,0, 0, 0, 0,-99.000000,-99.000000,-99.000000,-1,0
68475,596383,0.439447,38522.057339,38522.171139,1, 0, 0, 1,0.345965,-1.037652,-9.734921,-1,2
68475,596384,0.466765,38522.084658,38522.198458,0, 0, 0, 0,-99.000000,-99.000000,-99.000000,-1,1
68475,596385,0.528337,38522.146229,38522.260030,1, 0, 0, 1,3.926356,-4.593169,-3.384517,-1,2
68475,596386,0.533553,38522.151445,38522.265245,1, 0, 0, 1,-2.417695,-8.514963,10.030448,-1,2
68475,596387,0.543273,38522.161165,38522.274966,0, 0, 0, 0,-99.000000,-99.000000,-99.000000,-1,1
68475,596388,0.558892,38522.176784,38522.290585,0, 0, 0, 0,-99.000000,-99.000000,-99.000000,-1,1
68475,596389,0.664074,38522.281966,38522.395767,1, 0, 0, 1,5.845712,1.058303,-15.585876,-1,2
68475,596390,0.694745,38522.312637,38522.426438,0, 0, 0, 0,-99.000000,-99.000000,-99.000000,-1,1
68475,596391,0.754727,38522.372618,38522.486419,1, 0, 0, 1,-1.702112,7.630687,-9.182854,-1,2
68475,596392,0.817778,38522.435669,38522.549470,0, 0, 0, 0,-99.000000,-99.000000,-99.000000,-1,0
68475,596393,0.817964,38522.435855,38522.549656,0, 0, 0, 0,-99.000000,-99.000000,-99.000000,-1,0
68475,596394,0.818090,38522.435981,38522.549782,0, 0, 0, 0,-99.000000,-99.000000,-99.000000,-1,0
68475,596395,0.913562,38522.531453,38522.645254,0, 0, 0, 0,-99.000000,-99.000000,-99.000000,-1,1
68475,596396,1.133717,38522.751607,38522.865409,1, 0, 0, 1,0.687451,-1.807232,-3.093357,-1,2
68475,596397,1.151115,38522.769006,38522.882808,1, 0, 0, 1,-1.926965,0.742760,-13.812949,-1,2
68475,596398,1.308926,38522.926816,38523.040618,0, 0, 0, 0,-99.000000,-99.000000,-99.000000,-1,0
68475,596399,1.400544,38523.018434,38523.132236,0, 0, 0, 0,-99.000000,-99.000000,-99.000000,-1,1
68475,596400,1.617075,38523.234964,38523.348767,1, 0, 0, 1,2.203204,-5.101387,-6.127206,-1,3
68475,596401,1.673028,38523.290918,38523.404721,0, 0, 0, 0,-99.000000,-99.000000,-99.000000,-1,1
68475,596402,1.709900,38523.327789,38523.441592,1, 0, 0, 1,-3.793059,6.284918,11.228923,-1,2
68475,596403,1.815127,38523.433016,38523.546819,1, 0, 0, 1,6.050116,8.961037,-16.587980,-1,3
68475,596404,1.839945,38523.457834,38523.571637,1, 0, 0, 1,-6.813194,5.625440,0.514419,-1,2
68475,596405,1.849623,38523.467512,38523.581316,0, 0, 0, 0,-99.000000,-99.000000,-99.000000,-1,0
68475,596406,1.850242,38523.468131,38523.581934,1, 0, 0, 1,7.220869,0.562514,-0.188695,-1,2
68475,596407,1.867476,38523.485365,38523.599169,1, 0, 0, 1,3.023807,4.766939,6.355735,-1,2
68475,596408,1.900809,38523.518698,38523.632502,1, 0, 0, 1,-0.224585,-2.414191,9.191073,-1,3
68475,596674,0.008319,38551.986594,38552.100454,1, 0, 0, 1,4.990465,-2.313806,5.938544,-1,2
68475,596675,0.032346,38552.010621,38552.124481,0, 0, 0, 0,-99.000000,-99.000000,-99.000000,-1,1
68475,596676,0.097210,38552.075484,38552.189345,0, 0, 0, 0,-99.000000,-99.000000,-99.000000,-1,0
68475,596677,0.217138,38552.195412,38552.309273,1, 0, 0, 1,5.730849,-1.575222,11.096184,-1,2
68475,596678,0.360097,38552.338371,38552.452232,0, 0, 0, 0,-99.000000,-99.000000,-99.000000,-1,1
68475,596679,0.510461,38552.488735,38552.602597,1, 0, 0, 1,2.390850,-2.206982,2.790950,-1,2
68475,596680,0.515717,38552.493991,38552.607853,1, 0, 0, 1,-2.842655,7.529026,6.998040,-1,2
68475,596681,0.533227,38552.511500,38552.625362,1, 0, 0, 1,3.231509,-3.502355,-11.483421,-1,2
68475,596682,0.620433,38552.598706,38552.712568,1, 0, 0, 1,-9.052416,-2.360651,-5.793664,-1,5
68475,596683,0.644639,38552.622912,38552.736774,1, 0, 0, 1,-6.619771,0.555011,5.204955,-1,2
68475,596684,0.930722,38552.908995,38553.022857,1, 0, 0, 1,7.521943,-4.153536,-18.597492,-1,2
68475,596685,0.988235,38552.966508,38553.080371,0, 0, 0, 0,-99.000000,-99.000000,-99.000000,-1,0
68475,596686,0.991578,38552.969851,38553.083713,0, 0, 0, 0,-99.000000,-99.000000,-99.000000,-1,0
68475,596687,1.011641,38552.989914,38553.103776,1, 0, 0, 1,0.072838,-7.858525,-4.803784,-1,2
68475,596688,1.058108,38553.036380,38553.150243,1, 0, 0, 1,-2.264448,-8.678294,19.428037,-1,2
68475,596689,1.147328,38553.125600,38553.239463,0, 0, 0, 0,-99.000000,-99.000000,-99.000000,-1,1
68475,596690,1.183501,38553.161773,38553.275636,1, 0, 0, 1,-4.732450,-2.158099,20.034943,-1,2
68475,596691,1.201020,38553.179292,38553.293155,0, 0, 0, 0,-99.000000,-99.000000,-99.000000,-1,1
68475,596692,1.272302,38553.250574,38553.364438,1, 0, 0, 1,5.007535,-2.216201,13.044991,-1,2
68475,596693,1.286066,38553.264338,38553.378201,0, 0, 0, 0,-99.000000,-99.000000,-99.000000,-1,0
68475,596694,1.345317,38553.323588,38553.437452,0, 0, 0, 0,-99.000000,-99.000000,-99.000000,-1,1
68475,596695,1.475444,38553.453715,38553.567579,1, 0, 0, 1,3.866153,-9.999996,6.642935,-1,3
68475,596696,1.532198,38553.510469,38553.624333,0, 0, 0, 0,-99.000000,-99.000000,-99.000000,-1,1
68475,596697,1.561827,38553.540098,38553.653962,1, 0, 0, 1,3.818669,-3.931203,18.851013,-1,2
68475,596698,1.772643,38553.750914,38553.864778,1, 0, 0, 1,4.845841,-8.627211,13.198559,-1,8
68475,596699,1.846929,38553.825200,38553.939064,1, 0, 0, 1,-0.608850,3.449133,-11.721821,-1,2
68475,596833,0.105972,38570.604422,38570.718320,1, 0, 0, 1,-3.498559,0.295248,17.274353,-1,2
68475,596834,0.114694,38570.613144,38570.727042,0, 0, 0, 0,-99.000000,-99.000000,-99.000000,-1,1
68475,596835,0.121572,38570.620022,38570.733920,0, 0, 0, 0,-99.000000,-99.000000,-99.000000,-1,1
68475,596836,0.359732,38570.858181,38570.972080,1, 0, 0, 1,-3.035995,3.444989,-16.688097,-1,2
68475,596837,0.371815,38570.870265,38570.984164,0, 0, 0, 0,-99.000000,-99.000000,-99.000000,-1,0
68475,596838,0.668601,38571.167051,38571.280950,1, 0, 0, 1,-7.713559,-1.159378,0.620638,-1,2
68475,596839,1.009953,38571.508402,38571.622302,1, 0, 0, 1,-2.806108,0.645266,18.271407,-1,2
68475,596840,1.416438,38571.914886,38572.028786,1, 0, 0, 1,-4.027319,-6.065226,4.173726,-1,2
68475,596841,1.617302,38572.115750,38572.229651,1, 0, 0, 1,-2.872574,-7.023429,-2.102916,-1,2
68475,596842,1.645734,38572.144181,38572.258083,1, 0, 0, 1,-1.960962,2.444740,-20.569275,-1,2
68475,596843,1.816989,38572.315436,38572.429338,1, 0, 0, 1,-3.402268,-0.345067,1.038517,-1,2
68475,596844,1.862115,38572.360562,38572.474464,1, 0, 0, 1,4.921443,2.556600,-3.496483,-1,2
68475,596845,2.002991,38572.501438,38572.615340,1, 0, 0, 1,5.192518,-4.478198,-11.474025,-1,2
68475,597131,0.189380,38601.048211,38601.162171,0, 0, 0, 0,-99.000000,-99.000000,-99.000000,-1,1
68475,597132,0.203933,38601.062765,38601.176724,1, 0, 0, 1,-6.498811,2.757089,-15.515572,-1,2
68475,597133,0.224047,38601.082879,38601.196839,1, 0, 0, 1,2.352784,1.556063,-3.610171,-1,2
68475,597134,0.540194,38601.399026,38601.512986,0, 0, 0, 0,-99.000000,-99.000000,-99.000000,-1,0
68475,597135,0.730664,38601.589494,38601.703455,1, 0, 0, 1,5.913574,5.238449,-18.421520,-1,2
68475,597136,0.744444,38601.603275,38601.717235,0, 0, 0, 0,-99.000000,-99.000000,-99.000000,-1,0
68475,597137,0.823287,38601.682118,38601.796078,1, 1, 0, 1,-1.489647,-1.203857,4.198190,-1,3
68475,597138,0.965703,38601.824533,38601.938494,1, 0, 0, 1,-2.630253,3.699686,-4.623560,-1,2
68475,597139,0.996490,38601.855320,38601.969281,0, 0, 0, 0,-99.000000,-99.000000,-99.000000,-1,1
68475,597140,1.193391,38602.052221,38602.166182,0, 0, 0, 0,-99.000000,-99.000000,-99.000000,-1,0
68475,597141,1.292948,38602.151778,38602.265739,0, 0, 0, 0,-99.000000,-99.000000,-99.000000,-1,1
68475,597142,1.502478,38602.361308,38602.475270,0, 0, 0, 0,-99.000000,-99.000000,-99.000000,-1,1
68475,597143,1.638441,38602.497270,38602.611233,0, 0, 0, 0,-99.000000,-99.000000,-99.000000,-1,1
68475,597144,1.693077,38602.551905,38602.665868,1, 0, 0, 1,2.846378,5.594468,12.209429,-1,2
68475,597145,1.699696,38602.558525,38602.672487,0, 0, 0, 0,-99.000000,-99.000000,-99.000000,-1,1
68475,597146,1.882476,38602.741305,38602.855267,1, 0, 0, 1,2.373378,4.416126,-6.544106,-1,2
68475,597147,1.965706,38602.824534,38602.938497,0, 0, 0, 0,-99.000000,-99.000000,-99.000000,-1,1
68475,597148,2.017099,38602.875927,38602.989890,0, 0, 0, 0,-99.000000,-99.000000,-99.000000,-1,1
68475,597197,0.097993,38607.082050,38607.196021,0, 0, 0, 0,-99.000000,-99.000000,-99.000000,-1,1
68475,597198,0.171973,38607.156029,38607.270001,1, 0, 0, 1,-0.957863,1.326217,13.370597,-1,2
68475,597199,0.280387,38607.264443,38607.378415,0, 0, 0, 0,-99.000000,-99.000000,-99.000000,-1,1
68475,597200,0.341764,38607.325820,38607.439792,1, 1, 0, 1,0.504355,3.383839,-2.211201,-1,3
68475,597201,0.408028,38607.392084,38607.506056,1, 0, 0, 1,-0.424650,-7.628803,16.698279,-1,2
68475,597202,0.555730,38607.539785,38607.653757,1, 0, 0, 1,-0.003214,2.997127,6.994235,-1,2
68475,597203,0.626561,38607.610616,38607.724589,1, 0, 0, 1,5.702633,-1.292082,-18.126273,-1,2
68475,597204,0.817950,38607.802004,38607.915977,0, 0, 0, 0,-99.000000,-99.000000,-99.000000,-1,1
68475,597205,0.916792,38607.900846,38608.014819,1, 0, 0, 1,-3.584948,-14.698739,-6.652719,-1,2
68475,597206,0.931454,38607.915509,38608.029482,0, 0, 0, 0,-99.000000,-99.000000,-99.000000,-1,1
68475,597207,0.992603,38607.976657,38608.090630,1, 0, 0, 1,4.641093,-3.699026,18.316658,-1,2
68475,597208,1.032133,38608.016187,38608.130161,0, 0, 0, 0,-99.000000,-99.000000,-99.000000,-1,1
68475,597209,1.123575,38608.107629,38608.221603,1, 0, 0, 1,0.490018,1.733761,-12.538878,-1,2
68475,597210,1.147010,38608.131064,38608.245037,1, 0, 0, 1,-3.634500,5.811977,11.159560,-1,2
68475,597211,1.360492,38608.344546,38608.458520,1, 0, 0, 1,-3.925588,-7.366001,2.620962,-1,2
68475,597212,1.476944,38608.460998,38608.574972,0, 0, 0, 0,-99.000000,-99.000000,-99.000000,-1,0
68475,597213,1.625453,38608.609507,38608.723481,1, 0, 0, 1,2.364371,-1.485787,11.725291,-1,2
68475,597214,1.627360,38608.611413,38608.725387,1, 0, 0, 1,-0.631689,5.106811,4.992026,-1,2
68475,597215,1.664164,38608.648218,38608.762192,0, 0, 0, 0,-99.000000,-99.000000,-99.000000,-1,0
68475,597216,1.826988,38608.811041,38608.925016,1, 0, 0, 1,7.843829,-2.402133,18.000730,-1,2
68475,597217,1.840639,38608.824691,38608.938666,1, 0, 0, 1,-3.661131,0.039557,-0.813600,-1,2
68475,597218,1.842536,38608.826589,38608.940564,1, 0, 0, 1,-2.163594,-3.792552,-16.680033,-1,2
68475,597219,2.013739,38608.997791,38609.111766,1, 0, 0, 1,6.258730,2.990013,0.493604,-1,2
68475,597510,0.031424,38637.375862,38637.489895,1, 1, 0, 1,-2.229501,-1.450812,5.362091,-1,2
68475,597511,0.064841,38637.409279,38637.523311,1, 0, 0, 1,6.015249,-0.681731,-15.143852,-1,2
68475,597512,0.244268,38637.588706,38637.702739,1, 0, 0, 1,7.346252,-0.433936,13.358002,-1,2
68475,597513,0.369406,38637.713843,38637.827876,0, 0, 0, 0,-99.000000,-99.000000,-99.000000,-1,1
68475,597514,0.425104,38637.769541,38637.883574,1, 0, 0, 1,-3.796005,1.935353,-15.895656,-1,2
68475,597515,0.474121,38637.818558,38637.932591,1, 0, 0, 1,-3.495592,-2.686065,17.509692,-1,2
68475,597516,0.518746,38637.863183,38637.977216,0, 0, 0, 0,-99.000000,-99.000000,-99.000000,-1,1
68475,597517,0.554005,38637.898442,38638.012475,1, 0, 0, 1,-1.767677,-3.736241,14.238651,-1,2
68475,597518,0.569057,38637.913494,38638.027527,0, 0, 0, 0,-99.000000,-99.000000,-99.000000,-1,0
68475,597519,0.732988,38638.077425,38638.191459,1, 0, 0, 1,-2.671744,9.438207,13.234528,-1,2
68475,597520,0.854314,38638.198750,38638.312784,1, 0, 0, 1,7.133177,-0.857769,-10.759431,-1,2
68475,597521,0.907137,38638.251573,38638.365607,1, 0, 0, 1,0.047367,2.245033,11.286332,-1,2
68475,597522,1.011049,38638.355485,38638.469519,0, 0, 0, 0,-99.000000,-99.000000,-99.000000,-1,1
68475,597523,1.015186,38638.359622,38638.473656,1, 0, 0, 1,2.187104,1.482706,-3.657112,-1,2
68475,597524,1.258838,38638.603273,38638.717308,1, 0, 0, 1,0.619468,-8.540490,11.137657,-1,2
68475,597525,1.451114,38638.795549,38638.909584,1, 0, 0, 1,-3.794663,0.230342,-1.231839,-1,2
68475,597526,1.650392,38638.994826,38639.108862,0, 0, 0, 0,-99.000000,-99.000000,-99.000000,-1,0
68475,597527,1.710510,38639.054944,38639.168980,0, 0, 0, 0,-99.000000,-99.000000,-99.000000,-1,1
68475,597528,1.928804,38639.273238,38639.387274,1, 0, 0, 1,-0.796621,2.773635,-4.270862,-1,2
68475,597529,1.964136,38639.308570,38639.422607,0, 0, 0, 0,-99.000000,-99.000000,-99.000000,-1,1
68475,597700,0.161804,38656.009161,38656.123231,0, 0, 0, 0,-99.000000,-99.000000,-99.000000,-1,1
68475,597701,0.207762,38656.055118,38656.169188,1, 0, 0, 1,-0.350085,-3.575892,-21.708002,-1,2
68475,597702,0.228614,38656.075971,38656.190041,1, 0, 0, 1,-7.914281,-6.188403,8.141020,-1,2
68475,597703,0.531437,38656.378793,38656.492864,0, 0, 0, 0,-99.000000,-99.000000,-99.000000,-1,1
68475,597704,0.615097,38656.462453,38656.576523,1, 1, 1, 1,-0.278767,-1.103861,4.754249,-1,4
68475,597705,0.676699,38656.524055,38656.638126,1, 0, 0, 1,-0.682490,1.386664,-5.042573,-1,2
68475,597706,0.835895,38656.683251,38656.797322,1, 0, 0, 1,-0.039000,-0.251121,1.444275,-1,2
68475,597707,0.953985,38656.801341,38656.915412,1, 0, 0, 1,0.974752,2.391032,-12.037220,-1,2
68475,597708,1.065783,38656.913138,38657.027209,1, 0, 0, 1,3.944353,-3.555368,-14.653304,-1,9
68475,597709,1.167462,38657.014817,38657.128889,1, 0, 0, 1,-3.201859,-0.923525,18.623367,-1,2
68475,597710,1.215441,38657.062796,38657.176868,1, 0, 0, 1,4.673203,-2.832792,6.630979,-1,3
68475,597711,1.294286,38657.141640,38657.255712,0, 0, 0, 0,-99.000000,-99.000000,-99.000000,-1,1
68475,597712,1.441222,38657.288576,38657.402648,1, 0, 0, 1,6.358535,3.255674,9.533352,-1,2
68475,597713,1.570715,38657.418069,38657.532142,1, 0, 0, 1,6.025400,-2.262851,9.542990,-1,2
68475,597714,1.594566,38657.441920,38657.555992,1, 0, 0, 1,-2.841775,-3.425059,10.032642,-1,2
68475,597715,1.673642,38657.520996,38657.635069,1, 0, 0, 1,-4.012985,-7.396593,9.150617,-1,2
68475,597716,1.849141,38657.696495,38657.810568,0, 0, 0, 0,-99.000000,-99.000000,-99.000000,-1,1
68475,597987,0.076651,38686.284389,38686.398520,1, 0, 0, 1,1.732352,-6.787138,15.437197,-1,2
68475,597988,0.167064,38686.374802,38686.488933,0, 0, 0, 0,-99.000000,-99.000000,-99.000000,-1,0
68475,597989,0.186305,38686.394043,38686.508174,0, 0, 0, 0,-99.000000,-99.000000,-99.000000,-1,1
68475,597990,0.280129,38686.487867,38686.601998,0, 0, 0, 0,-99.000000,-99.000000,-99.000000,-1,0
68475,597991,0.312951,38686.520689,38686.634820,0, 0, 0, 0,-99.000000,-99.000000,-99.000000,-1,1
68475,597992,0.415393,38686.623130,38686.737262,1, 0, 0, 1,-0.908060,7.052350,11.674132,-1,2
68475,597993,0.418616,38686.626354,38686.740485,1, 0, 0, 1,5.295058,-3.406782,-5.914618,-1,2
68475,597994,0.518287,38686.726025,38686.840156,1, 0, 0, 1,-7.274958,-9.780306,-8.035234,-1,2
68475,597995,0.624286,38686.832023,38686.946155,1, 0, 0, 1,0.719784,-10.035137,19.790446,-1,2
68475,597996,0.800157,38687.007894,38687.122026,1, 0, 0, 1,2.323483,-1.150068,-14.269330,-1,2
68475,597997,1.046619,38687.254355,38687.368488,0, 0, 0, 0,-99.000000,-99.000000,-99.000000,-1,1
68475,597998,1.107204,38687.314941,38687.429074,1, 0, 0, 1,2.094587,-2.854591,11.568599,-1,2
68475,597999,1.388796,38687.596531,38687.710665,1, 0, 0, 1,-6.797704,-2.464638,9.372089,-1,2
68475,598000,1.417285,38687.625020,38687.739154,1, 0, 0, 1,7.430365,3.300974,-19.189639,-1,2
68475,598001,1.666067,38687.873802,38687.987936,1, 0, 0, 1,6.520263,-1.606793,-16.877447,-1,2
68475,598002,1.689455,38687.897190,38688.011324,1, 0, 0, 1,-9.804686,-2.043877,5.538368,-1,2
68475,598003,1.763209,38687.970944,38688.085078,1, 0, 0, 1,-2.497978,-0.917693,0.683229,-1,2
68475,598004,1.793822,38688.001557,38688.115691,1, 0, 0, 1,-1.518259,6.914978,20.921791,-1,2
68475,598005,1.932299,38688.140033,38688.254168,1, 0, 0, 1,2.979338,3.049107,4.736579,-1,2
68475,598006,1.983042,38688.190776,38688.304911,1, 0, 0, 1,-1.340991,-6.539562,3.157290,-1,2
68475,598007,1.989408,38688.197143,38688.311277,1, 0, 0, 1,-3.639143,-3.272153,-12.604051,-1,2
68475,598048,0.429892,38692.763360,38692.877504,1, 1, 1, 1,-0.843191,0.895135,-8.135690,-1,5
68475,598049,0.489837,38692.823305,38692.937449,0, 0, 0, 0,-99.000000,-99.000000,-99.000000,-1,1
68475,598050,0.575792,38692.909260,38693.023404,1, 0, 0, 1,7.804337,5.414252,18.961760,-1,3
68475,598051,0.692136,38693.025603,38693.139748,1, 0, 0, 1,-0.139748,1.690288,-17.933151,-1,2
68475,598052,0.717318,38693.050786,38693.164930,0, 0, 0, 0,-99.000000,-99.000000,-99.000000,-1,0
68475,598053,0.731298,38693.064766,38693.178910,1, 1, 0, 1,-1.183877,3.026198,-20.854067,-1,2
68475,598054,0.843675,38693.177142,38693.291287,1, 0, 0, 1,5.881555,1.805697,15.698806,-1,2
68475,598055,0.906496,38693.239963,38693.354108,1, 0, 0, 1,6.740047,1.006784,-10.928594,-1,2
68475,598056,1.157959,38693.491426,38693.605571,1, 0, 0, 1,-1.554375,-2.301450,-6.567536,-1,2
68475,598057,1.264213,38693.597680,38693.711825,1, 0, 0, 1,-1.933745,9.363337,-4.416700,-1,2
68475,598058,1.416989,38693.750455,38693.864601,0, 0, 0, 0,-99.000000,-99.000000,-99.000000,-1,1
68475,598059,1.429374,38693.762840,38693.876986,0, 0, 0, 0,-99.000000,-99.000000,-99.000000,-1,1
68475,598060,1.537820,38693.871286,38693.985432,1, 0, 0, 1,-1.784547,3.497333,-2.028728,-1,2
68475,598061,1.817929,38694.151395,38694.265541,1, 0, 0, 1,-4.457301,-7.056332,-17.125841,-1,2
68475,598062,1.885225,38694.218691,38694.332837,0, 0, 0, 0,-99.000000,-99.000000,-99.000000,-1,1
68475,598063,1.922530,38694.255995,38694.370142,1, 0, 0, 1,-4.606538,-2.868219,17.088468,-1,2
68475,598353,0.003411,38722.697262,38722.811466,1, 0, 0, 1,-1.095489,6.420023,10.666920,-1,2
68475,598354,0.023717,38722.717567,38722.831772,1, 0, 0, 1,-2.324727,-0.359444,-16.429374,-1,2
68475,598355,0.111621,38722.805471,38722.919676,0, 0, 0, 0,-99.000000,-99.000000,-99.000000,-1,1
68475,598356,0.223834,38722.917684,38723.031889,0, 0, 0, 0,-99.000000,-99.000000,-99.000000,-1,0
68475,598357,0.251542,38722.945392,38723.059597,0, 0, 0, 0,-99.000000,-99.000000,-99.000000,-1,0
68475,598358,0.328322,38723.022171,38723.136376,1, 0, 0, 1,-1.195413,2.605878,-13.553139,-1,2
68475,598359,0.420168,38723.114018,38723.228223,0, 0, 0, 0,-99.000000,-99.000000,-99.000000,-1,0
68475,598360,0.509486,38723.203336,38723.317541,1, 0, 0, 1,7.770740,2.615113,4.471989,-1,2
68475,598361,0.522080,38723.215930,38723.330135,0, 0, 0, 0,-99.000000,-99.000000,-99.000000,-1,0
68475,598362,0.606661,38723.300510,38723.414716,0, 0, 0, 0,-99.000000,-99.000000,-99.000000,-1,0
68475,598363,0.720802,38723.414651,38723.528856,1, 0, 0, 1,-6.054738,-1.418227,16.921519,-1,2
68475,598364,1.130493,38723.824341,38723.938548,0, 0, 0, 0,-99.000000,-99.000000,-99.000000,-1,1
68475,598365,1.158667,38723.852515,38723.966721,1, 0, 0, 1,7.632664,1.894656,5.905460,-1,2
68475,598366,1.180419,38723.874267,38723.988473,0, 0, 0, 0,-99.000000,-99.000000,-99.000000,-1,1
68475,598367,1.245633,38723.939481,38724.053687,1, 0, 0, 1,-5.813941,-2.412053,-8.356550,-1,2
68475,598368,1.563193,38724.257040,38724.371247,0, 0, 0, 0,-99.000000,-99.000000,-99.000000,-1,1
68475,598369,1.588892,38724.282739,38724.396947,0, 0, 0, 0,-99.000000,-99.000000,-99.000000,-1,0
68475,598370,1.730475,38724.424322,38724.538529,0, 0, 0, 0,-99.000000,-99.000000,-99.000000,-1,1
68475,598371,1.798989,38724.492836,38724.607043,0, 0, 0, 0,-99.000000,-99.000000,-99.000000,-1,1
68475,599402,0.002456,38834.902254,38835.016683,0, 0, 0, 0,-99.000000,-99.000000,-99.000000,-1,1
68475,599403,0.221626,38835.121423,38835.235853,1, 0, 0, 1,2.018943,-4.415658,7.439194,-1,2
68475,599404,0.225169,38835.124966,38835.239396,1, 0, 0, 1,-3.420256,-4.232060,15.991806,-1,2
68475,599405,0.335195,38835.234992,38835.349422,0, 0, 0, 0,-99.000000,-99.000000,-99.000000,-1,1
68475,599406,0.596472,38835.496268,38835.610699,1, 0, 0, 1,-4.665452,5.106299,-17.457386,-1,2
68475,599407,0.652170,38835.551966,38835.666397,1, 0, 0, 1,-1.262736,-1.007848,5.311840,-1,2
68475,599408,0.757247,38835.657043,38835.771474,1, 0, 0, 1,-1.210426,1.527906,-10.007642,-1,2
68475,599409,0.837801,38835.737597,38835.852028,1, 0, 0, 1,-2.115168,7.902881,-2.697782,-1,2
68475,599410,0.952024,38835.851820,38835.966251,1, 0, 0, 1,-1.759646,-3.130471,4.828277,-1,2
68475,599411,1.065085,38835.964880,38836.079312,0, 0, 0, 0,-99.000000,-99.000000,-99.000000,-1,1
68475,599412,1.368723,38836.268518,38836.382951,1, 0, 0, 1,-3.528503,3.483981,-2.957562,-1,2
68475,599413,1.464257,38836.364051,38836.478484,1, 0, 0, 1,2.574625,6.178354,-11.554653,-1,2
68475,599414,1.770428,38836.670222,38836.784655,1, 0, 0, 1,-1.194736,-4.817717,-3.079919,-1,2
68475,599415,1.773439,38836.673232,38836.787666,0, 0, 0, 0,-99.000000,-99.000000,-99.000000,-1,0
68475,599416,1.976474,38836.876267,38836.990701,0, 0, 0, 0,-99.000000,-99.000000,-99.000000,-1,0
68475,599666,0.448387,38865.708566,38865.823057,1, 0, 0, 1,1.529337,-1.550073,20.948764,-1,2
68475,599667,0.686237,38865.946415,38866.060907,1, 0, 0, 1,1.672542,1.190438,13.628898,-1,2
68475,599668,0.737278,38865.997456,38866.111948,1, 0, 0, 1,-5.882719,0.966278,7.934718,-1,2
68475,599669,0.808030,38866.068208,38866.182700,0, 0, 0, 0,-99.000000,-99.000000,-99.000000,-1,1
68475,599670,0.838058,38866.098236,38866.212728,1, 0, 0, 1,-3.360863,1.791827,10.672710,-1,2
68475,599671,0.875293,38866.135471,38866.249963,1, 0, 0, 1,-0.421604,-9.956392,12.290299,-1,2
68475,599672,0.972870,38866.233047,38866.347540,1, 0, 0, 1,-8.074044,-1.131156,-16.006825,-1,2
68475,599673,1.066968,38866.327145,38866.441638,1, 0, 0, 1,-10.380616,-1.646209,12.788102,-1,2
68475,599674,1.464637,38866.724813,38866.839307,1, 0, 0, 1,5.443698,4.009340,-8.702003,-1,2
68475,599675,1.481835,38866.742012,38866.856505,1, 0, 0, 1,-1.033946,3.886964,-18.852463,-1,2
68475,599676,1.492796,38866.752973,38866.867466,1, 0, 0, 1,-7.409210,0.105530,13.331713,-1,2
68475,599677,1.696295,38866.956471,38867.070965,1, 0, 0, 1,4.303900,2.676594,7.693360,-1,2
68475,599678,1.909259,38867.169434,38867.283929,1, 0, 0, 1,-2.611851,7.926680,-8.849176,-1,2
68475,599719,0.109420,38871.494884,38871.609387,1, 0, 0, 1,5.423340,-2.033624,2.480750,-1,2
68475,599720,0.350173,38871.735635,38871.850139,0, 0, 0, 0,-99.000000,-99.000000,-99.000000,-1,0
68475,599721,0.531075,38871.916538,38872.031042,1, 0, 0, 1,-1.292120,1.387527,-7.047518,-1,2
68475,599722,0.542652,38871.928114,38872.042618,1, 0, 0, 1,-2.159841,-3.045826,-12.830360,-1,2
68475,599723,0.610383,38871.995846,38872.110350,0, 0, 0, 0,-99.000000,-99.000000,-99.000000,-1,1
68475,599724,0.632852,38872.018314,38872.132818,1, 0, 0, 1,3.392471,-5.810367,-9.812451,-1,2
68475,599725,0.781828,38872.167290,38872.281795,1, 0, 0, 1,1.075772,-3.016254,4.149567,-1,2
68475,599726,0.989551,38872.375013,38872.489518,1, 0, 0, 1,-2.035445,-8.328674,-6.102782,-1,5
68475,599727,0.999295,38872.384757,38872.499262,1, 0, 0, 1,-4.287968,11.919218,13.332768,-1,2
68475,599728,0.999642,38872.385103,38872.499608,0, 0, 0, 0,-99.000000,-99.000000,-99.000000,-1,1
68475,599729,1.266863,38872.652324,38872.766830,1, 0, 0, 1,-4.153784,6.375650,8.939375,-1,2
68475,599730,1.520465,38872.905926,38873.020431,0, 0, 0, 0,-99.000000,-99.000000,-99.000000,-1,1
68475,599731,1.580174,38872.965634,38873.080140,0, 0, 0, 0,-99.000000,-99.000000,-99.000000,-1,1
68475,599732,1.702291,38873.087751,38873.202258,0, 0, 0, 0,-99.000000,-99.000000,-99.000000,-1,0
68475,599733,1.810715,38873.196175,38873.310681,1, 0, 0, 1,1.550933,3.774726,6.096670,-1,2
68475,599734,1.830237,38873.215697,38873.330203,0, 0, 0, 0,-99.000000,-99.000000,-99.000000,-1,1
68475,599996,0.136894,38901.882739,38901.997303,0, 0, 0, 0,-99.000000,-99.000000,-99.000000,-1,0
68475,599997,0.162820,38901.908665,38902.023229,1, 0, 0, 1,-7.802987,-1.266769,15.905439,-1,2
68475,599998,0.463063,38902.208907,38902.323472,0, 0, 0, 0,-99.000000,-99.000000,-99.000000,-1,1
68475,599999,0.474771,38902.220615,38902.335180,0, 0, 0, 0,-99.000000,-99.000000,-99.000000,-1,0
68475,600000,0.527383,38902.273228,38902.387792,1, 0, 0, 1,-1.981464,-5.154479,-7.892218,-1,2
68475,600001,0.586880,38902.332724,38902.447289,1, 0, 0, 1,-0.861158,0.566335,-10.928020,-1,2
68475,600002,0.612543,38902.358387,38902.472952,1, 0, 0, 1,-1.020193,-7.752074,16.211380,-1,2
68475,600003,0.779833,38902.525676,38902.640242,1, 0, 0, 1,7.523970,0.540602,12.171646,-1,2
68475,600004,0.792509,38902.538353,38902.652918,1, 0, 0, 1,-1.130966,-0.021849,-8.280646,-1,2
68475,600005,0.805303,38902.551147,38902.665712,1, 0, 0, 1,-6.148375,-2.205686,8.488592,-1,4
68475,600006,0.852306,38902.598149,38902.712715,1, 0, 0, 1,-0.430738,4.160525,-6.753504,-1,2
68475,600007,1.065920,38902.811764,38902.926329,1, 0, 0, 1,-6.536435,3.595343,13.437239,-1,2
68475,600008,1.102038,38902.847881,38902.962447,0, 0, 0, 0,-99.000000,-99.000000,-99.000000,-1,1
68475,600009,1.199173,38902.945016,38903.059582,1, 0, 0, 1,-3.106476,9.327539,-20.228596,-1,2
68475,600010,1.200678,38902.946521,38903.061087,1, 0, 0, 1,4.007118,7.228362,-0.974642,-1,2
68475,600011,1.233958,38902.979801,38903.094367,0, 0, 0, 0,-99.000000,-99.000000,-99.000000,-1,1
68475,600012,1.318412,38903.064254,38903.178821,1, 0, 0, 1,-1.410902,6.575314,-0.797636,-1,2
68475,600013,1.373274,38903.119117,38903.233683,0, 0, 0, 0,-99.000000,-99.000000,-99.000000,-1,1
68475,600014,1.387198,38903.133041,38903.247607,1, 0, 0, 1,2.258825,-0.614471,10.259776,-1,2
68475,600015,1.409159,38903.155002,38903.269568,0, 0, 0, 0,-99.000000,-99.000000,-99.000000,-1,0
68475,600016,1.466711,38903.212553,38903.327120,1, 0, 0, 1,1.825964,-3.910899,13.112992,-1,2
68475,600017,1.477278,38903.223120,38903.337687,1, 0, 0, 1,7.186510,-4.019117,-8.310183,-1,2
68475,600018,1.590184,38903.336026,38903.450593,1, 0, 0, 1,2.573201,0.340105,3.580090,-1,2
68475,600019,1.605859,38903.351701,38903.466268,0, 0, 0, 0,-99.000000,-99.000000,-99.000000,-1,1
68475,600020,1.752710,38903.498552,38903.613119,1, 0, 0, 1,-4.218148,-7.339029,17.383025,-1,2
68475,600021,1.800536,38903.546378,38903.660945,1, 0, 0, 1,-5.731763,-1.498687,-17.862418,-1,3
68475,600022,1.856245,38903.602086,38903.716654,0, 0, 0, 0,-99.000000,-99.000000,-99.000000,-1,0
68475,600023,1.913549,38903.659391,38903.773958,0, 0, 0, 0,-99.000000,-99.000000,-99.000000,-1,0
68475,600024,1.958283,38903.704125,38903.818692,0, 0, 0, 0,-99.000000,-99.000000,-99.000000,-1,0
68475,600168,0.239201,38920.498198,38920.612800,1, 0, 0, 1,8.597150,1.485440,12.508645,-1,2
68475,600169,0.329706,38920.588703,38920.703305,1, 0, 0, 1,-3.123185,0.331192,9.153863,-1,2
68475,600170,0.389858,38920.648855,38920.763456,1, 0, 0, 1,5.204983,-3.820692,4.432032,-1,2
68475,600171,0.442078,38920.701075,38920.815677,0, 0, 0, 0,-99.000000,-99.000000,-99.000000,-1,0
68475,600172,0.509503,38920.768500,38920.883102,0, 0, 0, 0,-99.000000,-99.000000,-99.000000,-1,1
68475,600173,0.577259,38920.836256,38920.950857,0, 0, 0, 0,-99.000000,-99.000000,-99.000000,-1,1
68475,600174,0.729080,38920.988077,38921.102679,1, 0, 0, 1,-2.010708,-0.022175,13.871934,-1,2
68475,600175,0.791880,38921.050876,38921.165478,1, 0, 0, 1,-0.240949,-1.072029,10.212628,-1,2
68475,600176,0.873733,38921.132729,38921.247332,0, 0, 0, 0,-99.000000,-99.000000,-99.000000,-1,1
68475,600177,0.901440,38921.160437,38921.275039,1, 0, 0, 1,6.203515,13.097275,-8.750880,-1,2
68475,600178,0.916410,38921.175406,38921.290009,1, 0, 0, 1,-5.520584,-5.060274,9.571200,-1,2
68475,600179,1.016478,38921.275474,38921.390077,1, 0, 0, 1,6.059405,1.162952,-3.971099,-1,2
68475,600180,1.109301,38921.368297,38921.482900,1, 0, 0, 1,1.709181,-2.900670,-1.151603,-1,3
68475,600181,1.110169,38921.369165,38921.483768,1, 0, 0, 1,-6.506990,4.218860,-9.669296,-1,2
68475,600182,1.168962,38921.427958,38921.542561,0, 0, 0, 0,-99.000000,-99.000000,-99.000000,-1,1
68475,600183,1.296741,38921.555736,38921.670339,0, 0, 0, 0,-99.000000,-99.000000,-99.000000,-1,1
68475,600184,1.355485,38921.614480,38921.729084,0, 0, 0, 0,-99.000000,-99.000000,-99.000000,-1,0
68475,600185,1.697832,38921.956827,38922.071431,1, 0, 0, 1,-0.986061,-3.809245,-8.894011,-1,2
68475,600186,1.702115,38921.961110,38922.075714,1, 0, 0, 1,2.397869,1.041681,-9.147161,-1,2
68475,600187,1.770801,38922.029795,38922.144400,0, 0, 0, 0,-99.000000,-99.000000,-99.000000,-1,1
68475,600188,1.875153,38922.134147,38922.248752,0, 0, 0, 0,-99.000000,-99.000000,-99.000000,-1,1
68475,600189,1.877457,38922.136451,38922.251056,0, 0, 0, 0,-99.000000,-99.000000,-99.000000,-1,1
68475,600190,1.916184,38922.175178,38922.289782,1, 0, 0, 1,6.438496,-5.446132,-10.047813,-1,2
68475,600191,1.971606,38922.230600,38922.345205,1, 0, 0, 1,-1.709751,3.949559,14.431549,-1,2
68475,600451,0.124550,38950.743930,38950.858591,0, 0, 0, 0,-99.000000,-99.000000,-99.000000,-1,0
68475,600452,0.287927,38950.907306,38951.021968,1, 0, 0, 1,0.731632,7.712107,-8.925153,-1,3
68475,600453,0.315538,38950.934918,38951.049580,0, 0, 0, 0,-99.000000,-99.000000,-99.000000,-1,1
68475,600454,0.412360,38951.031739,38951.146401,1, 0, 0, 1,-7.097180,0.551404,18.220169,-1,2
68475,600455,0.647497,38951.266876,38951.381539,1, 0, 0, 1,-5.840764,3.755162,-11.279781,-1,2
68475,600456,0.986863,38951.606241,38951.720905,1, 0, 0, 1,8.050190,4.976993,12.590222,-1,2
68475,600457,1.071951,38951.691328,38951.805992,0, 0, 0, 0,-99.000000,-99.000000,-99.000000,-1,1
68475,600458,1.283265,38951.902642,38952.017306,1, 0, 0, 1,5.063289,6.460722,14.346695,-1,2
68475,600459,1.394926,38952.014303,38952.128967,0, 0, 0, 0,-99.000000,-99.000000,-99.000000,-1,1
68475,600460,1.475741,38952.095118,38952.209783,1, 0, 0, 1,-4.427985,0.932347,-22.778518,-1,2
68475,600461,1.524187,38952.143563,38952.258228,1, 1, 0, 1,1.354242,1.200009,6.349804,-1,2
68475,600462,1.633861,38952.253238,38952.367903,1, 0, 0, 1,7.788415,2.883441,3.625303,-1,2
68475,600463,1.728885,38952.348261,38952.462926,0, 0, 0, 0,-99.000000,-99.000000,-99.000000,-1,1
68475,600464,1.911342,38952.530718,38952.645384,1, 0, 0, 1,-7.870134,-2.086583,-7.278910,-1,2
68475,600465,1.943559,38952.562935,38952.677601,1, 0, 0, 1,7.295315,0.494086,-17.203282,-1,2
68475,600503,0.057316,38956.801854,38956.916528,1, 0, 0, 1,0.361223,4.436607,-10.014482,-1,2
68475,600504,0.103927,38956.848464,38956.963138,1, 0, 0, 1,-1.207253,4.957346,7.755387,-1,2
68475,600505,0.208135,38956.952672,38957.067346,1, 0, 0, 1,3.544595,-5.203896,-15.185254,-1,2
68475,600506,0.217263,38956.961800,38957.076475,1, 0, 0, 1,-0.581947,-6.934644,-1.668069,-1,4
68475,600507,0.410251,38957.154787,38957.269462,1, 0, 0, 1,7.917652,5.565819,10.205581,-1,2
68475,600508,0.478861,38957.223397,38957.338072,1, 0, 0, 1,3.512235,-4.654623,11.892738,-1,2
68475,600509,0.548565,38957.293101,38957.407776,1, 0, 0, 1,0.261801,9.639035,-2.954108,-1,2
68475,600510,0.683031,38957.427567,38957.542242,0, 0, 0, 0,-99.000000,-99.000000,-99.000000,-1,0
68475,600511,0.721319,38957.465855,38957.580530,0, 0, 0, 0,-99.000000,-99.000000,-99.000000,-1,1
68475,600512,0.810934,38957.555470,38957.670145,1, 0, 0, 1,3.284152,2.437989,11.362724,-1,2
68475,600513,0.836783,38957.581318,38957.695994,1, 0, 0, 1,2.028000,-3.343011,-5.034955,-1,2
68475,600514,0.920329,38957.664865,38957.779540,1, 0, 0, 1,4.599289,1.314851,10.879384,-1,2
68475,600515,1.165189,38957.909724,38958.024400,1, 0, 0, 1,-10.144033,-7.914815,-3.081989,-1,2
68475,600516,1.177387,38957.921922,38958.036598,1, 0, 0, 1,1.772486,-6.597344,-17.789452,-1,2
68475,600517,1.181863,38957.926397,38958.041074,1, 0, 0, 1,4.108208,-2.231326,-15.382728,-1,2
68475,600518,1.501959,38958.246494,38958.361170,1, 1, 0, 1,2.612729,2.105445,1.727743,-1,4
68475,600519,1.829533,38958.574067,38958.688744,1, 0, 0, 1,1.676812,3.716762,19.038473,-1,5
68475,600520,2.020218,38958.764751,38958.879429,0, 0, 0, 0,-99.000000,-99.000000,-99.000000,-1,0
68475,600792,0.052013,38987.156932,38987.271667,0, 0, 0, 0,-99.000000,-99.000000,-99.000000,-1,1
68475,600793,0.160802,38987.265721,38987.380456,1, 0, 0, 1,-4.704198,-3.977039,-14.837819,-1,2
68475,600794,0.224674,38987.329593,38987.444328,0, 0, 0, 0,-99.000000,-99.000000,-99.000000,-1,1
68475,600795,0.299261,38987.404180,38987.518915,0, 0, 0, 0,-99.000000,-99.000000,-99.000000,-1,1
68475,600796,0.305185,38987.410103,38987.524839,1, 0, 0, 1,2.488080,-7.813825,6.748333,-1,2
68475,600797,0.318526,38987.423444,38987.538179,1, 0, 0, 1,-7.313767,-5.231283,17.141813,-1,2
68475,600798,0.919256,38988.024173,38988.138909,0, 0, 0, 0,-99.000000,-99.000000,-99.000000,-1,1
68475,600799,1.009216,38988.114133,38988.228870,1, 0, 0, 1,-4.291509,3.967255,-2.263400,-1,2
68475,600800,1.197351,38988.302267,38988.417004,1, 0, 0, 1,-7.489783,3.374554,12.373330,-1,2
68475,600801,1.220858,38988.325775,38988.440512,1, 0, 0, 1,3.670129,2.376529,-14.243474,-1,2
68475,600802,1.233071,38988.337988,38988.452725,1, 0, 0, 1,-2.975205,5.760410,-15.637977,-1,2
68475,600803,1.436473,38988.541389,38988.656127,0, 0, 0, 0,-99.000000,-99.000000,-99.000000,-1,1
68475,600804,1.470167,38988.575083,38988.689820,1, 0, 0, 1,4.780284,-0.921540,7.123824,-1,2
68475,600805,1.470778,38988.575694,38988.690432,0, 0, 0, 0,-99.000000,-99.000000,-99.000000,-1,0
68475,600806,1.597595,38988.702511,38988.817249,1, 0, 0, 1,1.926774,-10.061642,21.037466,-1,2
68475,600807,1.703472,38988.808387,38988.923125,0, 0, 0, 0,-99.000000,-99.000000,-99.000000,-1,1
68475,600808,1.730007,38988.834923,38988.949661,1, 0, 0, 1,-2.732777,-1.156903,-12.639460,-1,2
68475,600809,1.827069,38988.931984,38989.046722,1, 0, 0, 1,4.218127,3.923192,-3.260545,-1,2
68475,600810,1.840045,38988.944961,38989.059699,0, 0, 0, 0,-99.000000,-99.000000,-99.000000,-1,1
68475,600811,1.890625,38988.995540,38989.110279,0, 0, 0, 0,-99.000000,-99.000000,-99.000000,-1,1
68475,600812,1.895174,38989.000089,38989.114827,1, 0, 0, 1,4.229775,6.752859,8.966917,-1,2
68475,600813,1.983894,38989.088809,38989.203548,1, 0, 0, 1,5.211153,2.429173,-3.852106,-1,2
68475,600973,0.252003,39005.886165,39006.000937,1, 0, 0, 1,6.181426,1.368409,10.249940,-1,2
68475,600974,0.355231,39005.989392,39006.104165,1, 0, 0, 1,-4.998137,7.477112,-2.503383,-1,2
68475,600975,0.568739,39006.202900,39006.317673,0, 0, 0, 0,-99.000000,-99.000000,-99.000000,-1,1
68475,600976,0.721000,39006.355160,39006.469934,0, 0, 0, 0,-99.000000,-99.000000,-99.000000,-1,1
68475,600977,0.806013,39006.440173,39006.554947,0, 0, 0, 0,-99.000000,-99.000000,-99.000000,-1,1
68475,600978,0.993670,39006.627830,39006.742604,1, 0, 0, 1,2.588123,8.504746,-5.268462,-1,2
68475,600979,1.066542,39006.700702,39006.815476,1, 0, 0, 1,-4.021457,-1.020691,4.358264,-1,2
68475,600980,1.078542,39006.712702,39006.827476,0, 0, 0, 0,-99.000000,-99.000000,-99.000000,-1,1
68475,600981,1.166273,39006.800433,39006.915207,1, 0, 0, 1,-7.597944,0.150146,-14.480852,-1,2
68475,600982,1.403604,39007.037764,39007.152538,0, 0, 0, 0,-99.000000,-99.000000,-99.000000,-1,1
68475,600983,1.577952,39007.212111,39007.326886,1, 0, 0, 1,7.474995,-0.641057,17.087534,-1,2
68475,600984,1.704500,39007.338658,39007.453434,1, 0, 0, 1,-1.048967,-8.823386,-11.864896,-1,2
68475,600985,2.001998,39007.636156,39007.750932,1, 0, 0, 1,0.143500,9.365328,-9.926619,-1,2
68475,601277,0.042053,39036.036597,39036.151429,1, 0, 0, 1,5.378647,0.678588,4.484200,-1,2
68475,601278,0.331296,39036.325839,39036.440673,0, 0, 0, 0,-99.000000,-99.000000,-99.000000,-1,1
68475,601279,0.398002,39036.392545,39036.507378,1, 0, 0, 1,4.858178,-3.569429,-13.973695,-1,2
68475,601280,0.493128,39036.487671,39036.602505,0, 0, 0, 0,-99.000000,-99.000000,-99.000000,-1,1
68475,601281,0.518454,39036.512996,39036.627830,1, 0, 0, 1,6.309878,-2.257454,-16.087586,-1,2
68475,601282,0.534928,39036.529471,39036.644305,0, 0, 0, 0,-99.000000,-99.000000,-99.000000,-1,1
68475,601283,0.709598,39036.704140,39036.818974,0, 0, 0, 0,-99.000000,-99.000000,-99.000000,-1,1
68475,601284,0.727230,39036.721772,39036.836607,1, 0, 0, 1,-3.661654,5.627254,0.839397,-1,2
68475,601285,0.731886,39036.726428,39036.841262,0, 0, 0, 0,-99.000000,-99.000000,-99.000000,-1,1
68475,601286,1.134078,39037.128620,39037.243455,1, 0, 0, 1,-1.623570,0.627192,-17.482394,-1,2
68475,601287,1.136472,39037.131014,39037.245849,0, 0, 0, 0,-99.000000,-99.000000,-99.000000,-1,0
68475,601288,1.201301,39037.195842,39037.310677,1, 0, 0, 1,0.220222,-0.040512,-0.464090,-1,2
68475,601289,1.531475,39037.526016,39037.640851,0, 0, 0, 0,-99.000000,-99.000000,-99.000000,-1,1
68475,601290,1.532351,39037.526892,39037.641727,0, 0, 0, 0,-99.000000,-99.000000,-99.000000,-1,1
68475,601291,1.631879,39037.626419,39037.741255,1, 0, 0, 1,-5.747854,1.497330,-3.786491,-1,2
68475,601292,1.783722,39037.778262,39037.893098,0, 0, 0, 0,-99.000000,-99.000000,-99.000000,-1,0
68475,601293,1.894710,39037.889249,39038.004086,1, 0, 0, 1,-3.743155,2.423108,0.743130,-1,2
68475,601294,1.957544,39037.952084,39038.066920,1, 0, 0, 1,11.786825,-7.861193,-6.808516,-1,2
68475,601330,0.084123,39042.203939,39042.318784,1, 0, 0, 1,4.221886,4.177361,12.738707,-1,2
68475,601331,0.138959,39042.258775,39042.373620,1, 0, 0, 1,5.089085,4.844908,-2.959179,-1,2
68475,601332,0.149082,39042.268898,39042.383743,1, 0, 0, 1,4.183796,-0.731746,-3.187298,-1,2
68475,601333,0.198079,39042.317895,39042.432741,0, 0, 0, 0,-99.000000,-99.000000,-99.000000,-1,1
68475,601334,0.343971,39042.463787,39042.578633,1, 0, 0, 1,1.596252,7.764290,-5.313152,-1,2
68475,601335,0.346633,39042.466448,39042.581294,1, 0, 0, 1,-1.781536,-3.443809,-21.822201,-1,2
68475,601336,0.379375,39042.499190,39042.614036,1, 0, 0, 1,-0.608370,-3.669125,20.379645,-1,2
68475,601337,0.385070,39042.504886,39042.619732,1, 0, 0, 1,5.007376,0.684546,16.955708,-1,2
68475,601338,0.400428,39042.520243,39042.635089,0, 0, 0, 0,-99.000000,-99.000000,-99.000000,-1,1
68475,601339,0.410250,39042.530065,39042.644911,1, 0, 0, 1,-2.261096,4.702237,-11.743342,-1,2
68475,601340,0.587007,39042.706822,39042.821668,0, 0, 0, 0,-99.000000,-99.000000,-99.000000,-1,1
68475,601341,0.632307,39042.752122,39042.866969,1, 0, 0, 1,0.414177,-2.057674,-20.435672,-1,2
68475,601342,0.671388,39042.791203,39042.906049,0, 0, 0, 0,-99.000000,-99.000000,-99.000000,-1,0
68475,601343,0.734046,39042.853861,39042.968707,1, 0, 0, 1,3.028034,-5.228040,-11.314290,-1,2
68475,601344,1.009818,39043.129632,39043.244479,0, 0, 0, 0,-99.000000,-99.000000,-99.000000,-1,0
68475,601345,1.020927,39043.140741,39043.255589,0, 0, 0, 0,-99.000000,-99.000000,-99.000000,-1,1
68475,601346,1.051417,39043.171231,39043.286078,1, 0, 0, 1,-3.368058,3.328040,-4.251928,-1,2
68475,601347,1.102483,39043.222297,39043.337144,1, 0, 0, 1,-7.653976,3.091983,6.410202,-1,2
68475,601348,1.126886,39043.246700,39043.361547,0, 0, 0, 0,-99.000000,-99.000000,-99.000000,-1,1
68475,601349,1.143787,39043.263601,39043.378448,0, 0, 0, 0,-99.000000,-99.000000,-99.000000,-1,0
68475,601350,1.176939,39043.296753,39043.411600,1, 0, 0, 1,-1.855835,-7.404333,7.332330,-1,2
68475,601351,1.248357,39043.368170,39043.483018,1, 1, 0, 1,-0.257855,2.273349,-4.683397,-1,3
68475,601352,1.383647,39043.503461,39043.618309,0, 0, 0, 0,-99.000000,-99.000000,-99.000000,-1,0
68475,601353,1.742045,39043.861858,39043.976706,1, 0, 0, 1,4.342938,2.005271,-11.923258,-1,2
68475,601354,1.770547,39043.890359,39044.005208,0, 0, 0, 0,-99.000000,-99.000000,-99.000000,-1,1
68475,601355,1.794108,39043.913921,39044.028769,0, 0, 0, 0,-99.000000,-99.000000,-99.000000,-1,1
68475,601356,1.977909,39044.097721,39044.212570,1, 0, 0, 1,1.740347,2.996618,-6.052352,-1,2
68475,601605,0.041725,39072.521922,39072.636828,0, 0, 0, 0,-99.000000,-99.000000,-99.000000,-1,1
68475,601606,0.113336,39072.593533,39072.708439,1, 1, 0, 1,1.798969,-0.176993,-13.599185,-1,3
68475,601607,0.149993,39072.630190,39072.745096,1, 0, 0, 1,-6.765955,6.601861,-6.904900,-1,2
68475,601608,0.156893,39072.637090,39072.751997,0, 0, 0, 0,-99.000000,-99.000000,-99.000000,-1,1
68475,601609,0.194411,39072.674608,39072.789514,0, 0, 0, 0,-99.000000,-99.000000,-99.000000,-1,1
68475,601610,0.539364,39073.019560,39073.134467,1, 0, 0, 1,4.151042,4.047603,20.163425,-1,2
68475,601611,0.554962,39073.035159,39073.150066,1, 0, 0, 1,-8.732281,3.035882,-17.163731,-1,2
68475,601612,0.688000,39073.168196,39073.283104,1, 0, 0, 1,4.217202,-1.222427,20.622217,-1,2
68475,601613,0.789850,39073.270046,39073.384954,1, 0, 0, 1,1.501057,-4.083619,-9.350249,-1,2
68475,601614,0.844351,39073.324546,39073.439454,1, 0, 0, 1,5.325246,1.520159,7.887712,-1,2
68475,601615,0.866050,39073.346246,39073.461154,1, 0, 0, 1,-1.874115,1.017828,-1.384349,-1,2
68475,601616,0.881478,39073.361674,39073.476582,1, 0, 0, 1,-8.042704,-0.535742,-6.712792,-1,3
68475,601617,0.977749,39073.457945,39073.572853,1, 1, 1, 1,0.673385,1.103075,4.616827,-1,4
68475,601618,1.089435,39073.569630,39073.684538,1, 0, 0, 1,-1.211697,8.353071,-15.875220,-1,2
68475,601619,1.180469,39073.660664,39073.775572,0, 0, 0, 0,-99.000000,-99.000000,-99.000000,-1,1
68475,601620,1.199913,39073.680108,39073.795016,1, 0, 0, 1,-6.207254,6.743905,15.269565,-1,2
68475,601621,1.328677,39073.808872,39073.923781,0, 0, 0, 0,-99.000000,-99.000000,-99.000000,-1,1
68475,601622,1.377352,39073.857546,39073.972455,1, 0, 0, 1,-6.884536,6.325975,2.271351,-1,2
68475,601623,1.393933,39073.874127,39073.989036,1, 0, 0, 1,3.170241,5.550314,7.383263,-1,2
68475,601624,1.573644,39074.053839,39074.168748,0, 0, 0, 0,-99.000000,-99.000000,-99.000000,-1,0
68475,601625,1.955159,39074.435353,39074.550263,1, 0, 0, 1,-4.568725,0.300236,-1.521700,-1,2
68475,601626,2.011595,39074.491789,39074.606699,1, 0, 0, 1,5.922330,1.106778,-12.713166,-1,2
68475,601779,0.041956,39091.049500,39091.164444,0, 0, 0, 0,-99.000000,-99.000000,-99.000000,-1,0
68475,601780,0.058739,39091.066284,39091.181227,0, 0, 0, 0,-99.000000,-99.000000,-99.000000,-1,0
68475,601781,0.294796,39091.302340,39091.417284,0, 0, 0, 0,-99.000000,-99.000000,-99.000000,-1,1
68475,601782,0.413455,39091.420999,39091.535943,0, 0, 0, 0,-99.000000,-99.000000,-99.000000,-1,1
68475,601783,0.521812,39091.529356,39091.644300,1, 0, 0, 1,-2.642161,3.673071,9.229606,-1,2
68475,601784,0.766992,39091.774535,39091.889480,1, 0, 0, 1,-7.541765,-1.343159,4.414683,-1,2
68475,601785,0.814443,39091.821986,39091.936931,0, 0, 0, 0,-99.000000,-99.000000,-99.000000,-1,1
68475,601786,1.318277,39092.325819,39092.440765,1, 0, 0, 1,-0.216808,-0.453654,4.723414,-1,2
68475,601787,1.365175,39092.372717,39092.487663,1, 0, 0, 1,-7.326097,3.362293,14.817190,-1,2
68475,601788,1.384317,39092.391859,39092.506806,1, 0, 0, 1,-0.261057,-0.865737,-18.129194,-1,2
68475,601789,1.402330,39092.409872,39092.524818,1, 0, 0, 1,-1.937693,-2.585596,2.170236,-1,3
68475,601790,1.621921,39092.629462,39092.744409,0, 0, 0, 0,-99.000000,-99.000000,-99.000000,-1,1
68475,601791,1.763814,39092.771355,39092.886302,0, 0, 0, 0,-99.000000,-99.000000,-99.000000,-1,0
68475,601792,1.780234,39092.787775,39092.902722,0, 0, 0, 0,-99.000000,-99.000000,-99.000000,-1,1
68475,601793,1.889808,39092.897349,39093.012296,1, 0, 0, 1,1.720605,-5.334162,11.258370,-1,2
68475,601794,1.955498,39092.963039,39093.077986,1, 0, 0, 1,-1.369514,0.964278,-9.661325,-1,2
68475,601795,1.955887,39092.963427,39093.078375,1, 0, 0, 1,7.150499,-1.130080,9.383206,-1,2
68475,601796,1.967336,39092.974877,39093.089824,1, 0, 0, 1,4.967760,-0.116837,-11.735842,-1,2
68475,601797,2.002680,39093.010221,39093.125169,1, 0, 0, 1,-4.120028,-7.828486,-14.860517,-1,2
68475,602074,0.029934,39121.397860,39121.512865,0, 0, 0, 0,-99.000000,-99.000000,-99.000000,-1,1
68475,602075,0.170789,39121.538715,39121.653719,1, 0, 0, 1,6.160250,-0.796417,-14.894958,-1,2
68475,602076,0.533481,39121.901406,39122.016411,1, 0, 0, 1,-2.527048,1.200623,2.435846,-1,2
68475,602077,0.570149,39121.938074,39122.053080,1, 0, 0, 1,0.678013,-5.325867,-12.581740,-1,2
68475,602078,0.575174,39121.943099,39122.058104,1, 0, 0, 1,-0.482190,-9.308325,-9.976041,-1,2
68475,602079,0.681479,39122.049404,39122.164410,1, 0, 0, 1,-2.405607,6.181340,-15.716053,-1,2
68475,602080,0.803198,39122.171122,39122.286129,0, 0, 0, 0,-99.000000,-99.000000,-99.000000,-1,0
68475,602081,0.846546,39122.214470,39122.329476,1, 0, 0, 1,-4.670687,6.839314,8.417388,-1,2
68475,602082,1.001716,39122.369640,39122.484647,1, 0, 0, 1,5.342454,1.306638,2.711353,-1,2
68475,602083,1.051057,39122.418981,39122.533987,1, 0, 0, 1,4.285455,0.608905,-1.324920,-1,2
68475,602084,1.148579,39122.516502,39122.631509,0, 0, 0, 0,-99.000000,-99.000000,-99.000000,-1,0
68475,602085,1.359030,39122.726953,39122.841960,1, 0, 0, 1,5.499776,-2.025004,10.514907,-1,2
68475,602086,1.363047,39122.730970,39122.845977,1, 0, 0, 1,-2.642958,2.464238,15.218248,-1,2
68475,602087,1.534996,39122.902919,39123.017926,0, 0, 0, 0,-99.000000,-99.000000,-99.000000,-1,1
68475,602088,1.605599,39122.973522,39123.088530,0, 0, 0, 0,-99.000000,-99.000000,-99.000000,-1,1
68475,602089,1.694786,39123.062709,39123.177717,0, 0, 0, 0,-99.000000,-99.000000,-99.000000,-1,1
68475,602090,1.778369,39123.146291,39123.261299,0, 0, 0, 0,-99.000000,-99.000000,-99.000000,-1,1
68475,602091,1.799187,39123.167109,39123.282117,1, 0, 0, 1,6.104903,5.961300,0.133276,-1,5
68475,602092,1.968704,39123.336626,39123.451635,0, 0, 0, 0,-99.000000,-99.000000,-99.000000,-1,1
68475,602131,0.067324,39127.560587,39127.675604,1, 1, 0, 1,-0.641739,-2.913241,3.126909,-1,2
68475,602132,0.115231,39127.608494,39127.723511,0, 0, 0, 0,-99.000000,-99.000000,-99.000000,-1,0
68475,602133,0.296580,39127.789842,39127.904859,1, 0, 0, 1,-7.494969,-1.217861,-7.032915,-1,2
68475,602134,0.381648,39127.874910,39127.989927,0, 0, 0, 0,-99.000000,-99.000000,-99.000000,-1,1
68475,602135,0.607483,39128.100744,39128.215762,0, 0, 0, 0,-99.000000,-99.000000,-99.000000,-1,1
68475,602136,1.044905,39128.538165,39128.653184,0, 0, 0, 0,-99.000000,-99.000000,-99.000000,-1,0
68475,602137,1.111671,39128.604931,39128.719950,0, 0, 0, 0,-99.000000,-99.000000,-99.000000,-1,0
68475,602138,1.416938,39128.910198,39129.025217,0, 0, 0, 0,-99.000000,-99.000000,-99.000000,-1,1
68475,602139,1.603370,39129.096629,39129.211649,1, 0, 0, 1,-0.235089,-0.780293,-8.099966,-1,2
68475,602140,1.628858,39129.122117,39129.237137,1, 0, 0, 1,-9.999981,-9.999981,14.552802,-1,3
68475,602141,1.671236,39129.164495,39129.279515,1, 0, 0, 1,3.984530,5.839713,0.004453,-1,2
68475,602142,1.729728,39129.222987,39129.338008,0, 0, 0, 0,-99.000000,-99.000000,-99.000000,-1,1
68475,602143,1.836079,39129.329338,39129.444359,1, 0, 0, 1,-4.167895,-4.832083,4.543913,-1,2
68475,602395,0.045640,39157.899284,39158.014361,1, 0, 0, 1,5.374927,-2.064998,-4.363103,-1,2
68475,602396,0.052207,39157.905851,39158.020929,1, 0, 0, 1,5.420977,-1.143711,-12.666553,-1,2
68475,602397,0.060950,39157.914594,39158.029672,0, 0, 0, 0,-99.000000,-99.000000,-99.000000,-1,1
68475,602398,0.157938,39158.011582,39158.126660,1, 0, 0, 1,1.725172,0.614402,1.679430,-1,2
68475,602399,0.180579,39158.034223,39158.149301,1, 0, 0, 1,-4.965453,6.050211,5.238384,-1,2
68475,602400,0.241845,39158.095488,39158.210567,0, 0, 0, 0,-99.000000,-99.000000,-99.000000,-1,0
68475,602401,0.345375,39158.199018,39158.314096,1, 0, 0, 1,-1.322273,10.399452,21.074840,-1,2
68475,602402,0.432582,39158.286226,39158.401304,0, 0, 0, 0,-99.000000,-99.000000,-99.000000,-1,0
68475,602403,0.472511,39158.326154,39158.441232,1, 0, 0, 1,-1.955030,2.414819,9.117723,-1,2
68475,602404,0.518622,39158.372265,39158.487344,0, 0, 0, 0,-99.000000,-99.000000,-99.000000,-1,1
68475,602405,0.706901,39158.560544,39158.675623,0, 0, 0, 0,-99.000000,-99.000000,-99.000000,-1,0
68475,602406,0.933313,39158.786955,39158.902035,1, 0, 0, 1,-6.547170,5.219865,9.555150,-1,2
68475,602407,0.962098,39158.815740,39158.930820,0, 0, 0, 0,-99.000000,-99.000000,-99.000000,-1,1
68475,602408,0.993656,39158.847298,39158.962377,0, 0, 0, 0,-99.000000,-99.000000,-99.000000,-1,1
68475,602409,1.295611,39159.149252,39159.264333,0, 0, 0, 0,-99.000000,-99.000000,-99.000000,-1,1
68475,602410,1.416581,39159.270222,39159.385303,1, 0, 0, 1,0.973563,2.862071,-6.177442,-1,2
68475,602411,1.607017,39159.460658,39159.575739,1, 0, 0, 1,-3.705432,-0.667339,-5.011319,-1,2
68475,602412,1.665520,39159.519161,39159.634242,0, 0, 0, 0,-99.000000,-99.000000,-99.000000,-1,1
68475,602413,1.820942,39159.674582,39159.789664,1, 0, 0, 1,5.694201,-2.820000,-7.240977,-1,2
68475,602414,1.864714,39159.718355,39159.833436,1, 0, 0, 1,7.531305,0.389172,0.642819,-1,2
68475,602415,1.980750,39159.834390,39159.949472,1, 0, 0, 1,0.364452,-1.883937,-7.456181,-1,2
68475,602555,0.052453,39176.427020,39176.542135,0, 0, 0, 0,-99.000000,-99.000000,-99.000000,-1,1
68475,602556,0.355337,39176.729903,39176.845019,1, 0, 0, 1,-6.351529,2.816332,-17.431663,-1,3
68475,602557,0.558214,39176.932780,39177.047896,1, 0, 0, 1,-0.107399,-5.341938,-0.862381,-1,2
68475,602558,0.737628,39177.112194,39177.227310,1, 0, 0, 1,1.036261,-4.099427,-19.804287,-1,3
68475,602559,0.850755,39177.225320,39177.340437,0, 0, 0, 0,-99.000000,-99.000000,-99.000000,-1,0
68475,602560,0.882776,39177.257341,39177.372458,1, 0, 0, 1,1.390318,-10.710253,21.128429,-1,2
68475,602561,1.049395,39177.423960,39177.539077,0, 0, 0, 0,-99.000000,-99.000000,-99.000000,-1,1
68475,602562,1.166023,39177.540588,39177.655705,1, 0, 0, 1,0.524896,-5.608837,-7.836873,-1,5
68475,602563,1.626483,39178.001047,39178.116165,1, 0, 0, 1,6.380500,-3.706468,3.019236,-1,2
68475,602564,1.683973,39178.058536,39178.173655,0, 0, 0, 0,-99.000000,-99.000000,-99.000000,-1,1
68475,602565,1.942379,39178.316942,39178.432061,1, 0, 0, 1,7.510926,1.917241,8.497911,-1,2
68475,602841,0.344386,39207.079333,39207.194510,1, 0, 0, 1,6.264004,1.268025,-10.963684,-1,2
68475,602842,0.371432,39207.106380,39207.221556,0, 0, 0, 0,-99.000000,-99.000000,-99.000000,-1,1
68475,602843,0.572620,39207.307566,39207.422744,0, 0, 0, 0,-99.000000,-99.000000,-99.000000,-1,0
68475,602844,0.589868,39207.324815,39207.439992,1, 0, 0, 1,0.307462,-4.388026,-13.133245,-1,2
68475,602845,0.600076,39207.335023,39207.450200,0, 0, 0, 0,-99.000000,-99.000000,-99.000000,-1,0
68475,602846,0.605650,39207.340597,39207.455774,0, 0, 0, 0,-99.000000,-99.000000,-99.000000,-1,1
68475,602847,0.663413,39207.398360,39207.513537,0, 0, 0, 0,-99.000000,-99.000000,-99.000000,-1,1
68475,602848,0.667763,39207.402709,39207.517887,1, 0, 0, 1,-1.175009,1.727480,-7.127925,-1,2
68475,602849,0.714320,39207.449267,39207.564444,0, 0, 0, 0,-99.000000,-99.000000,-99.000000,-1,0
68475,602850,0.716024,39207.450970,39207.566148,0, 0, 0, 0,-99.000000,-99.000000,-99.000000,-1,1
68475,602851,0.804287,39207.539233,39207.654411,0, 0, 0, 0,-99.000000,-99.000000,-99.000000,-1,0
68475,602852,0.831282,39207.566229,39207.681406,0, 0, 0, 0,-99.000000,-99.000000,-99.000000,-1,1
68475,602853,0.873269,39207.608216,39207.723393,1, 0, 0, 1,6.206814,-2.584349,-17.063857,-1,2
68475,602854,0.927893,39207.662839,39207.778017,0, 0, 0, 0,-99.000000,-99.000000,-99.000000,-1,1
68475,602855,0.968606,39207.703552,39207.818730,1, 0, 0, 1,0.191772,-1.990445,12.500130,-1,2
68475,602856,0.988089,39207.723035,39207.838213,0, 0, 0, 0,-99.000000,-99.000000,-99.000000,-1,1
68475,602857,1.066069,39207.801015,39207.916193,0, 0, 0, 0,-99.000000,-99.000000,-99.000000,-1,0
68475,602858,1.134133,39207.869079,39207.984257,1, 0, 0, 1,1.130425,1.260534,17.455942,-1,2
68475,602859,1.162204,39207.897150,39208.012328,1, 0, 0, 1,-4.305525,-2.877255,5.571460,-1,2
68475,602860,1.255524,39207.990470,39208.105648,1, 0, 0, 1,-1.983497,5.432700,-11.607318,-1,2
68475,602861,1.429263,39208.164209,39208.279387,1, 0, 0, 1,2.559444,4.263700,-2.519930,-1,2
68475,602862,1.610462,39208.345407,39208.460586,0, 0, 0, 0,-99.000000,-99.000000,-99.000000,-1,1
68475,602863,1.639027,39208.373972,39208.489151,0, 0, 0, 0,-99.000000,-99.000000,-99.000000,-1,1
68475,602864,1.912486,39208.647431,39208.762610,1, 0, 0, 1,-2.337117,-10.569644,13.062565,-1,2
68475,602909,0.112630,39212.972714,39213.087902,0, 0, 0, 0,-99.000000,-99.000000,-99.000000,-1,0
68475,602910,0.322022,39213.182105,39213.297294,1, 0, 0, 1,-0.732137,-2.282311,6.244582,-1,2
68475,602911,0.434059,39213.294142,39213.409332,1, 0, 0, 1,4.321351,-4.627354,-2.556254,-1,2
68475,602912,0.499512,39213.359595,39213.474784,1, 0, 0, 1,1.466027,1.688656,-12.102259,-1,2
68475,602913,0.566742,39213.426825,39213.542015,1, 0, 0, 1,-4.428793,-5.625205,8.866786,-1,2
68475,602914,0.632726,39213.492809,39213.607998,1, 0, 0, 1,-0.258855,-9.999981,-15.269078,-1,3
68475,602915,0.772695,39213.632777,39213.747967,0, 0, 0, 0,-99.000000,-99.000000,-99.000000,-1,1
68475,602916,0.860236,39213.720318,39213.835508,0, 0, 0, 0,-99.000000,-99.000000,-99.000000,-1,1
68475,602917,1.217507,39214.077589,39214.192780,1, 0, 0, 1,4.450052,-2.489504,21.723500,-1,2
68475,602918,1.295080,39214.155161,39214.270352,0, 0, 0, 0,-99.000000,-99.000000,-99.000000,-1,1
68475,602919,1.327919,39214.188001,39214.303192,1, 0, 0, 1,-6.303217,-1.215008,-12.933289,-1,2
68475,602920,1.523396,39214.383477,39214.498668,1, 0, 0, 1,2.425414,-1.140347,-16.598011,-1,2
68475,602921,1.533219,39214.393300,39214.508491,1, 0, 0, 1,-0.803125,2.412415,-10.206467,-1,2
68475,602922,1.873154,39214.733235,39214.848427,0, 0, 0, 0,-99.000000,-99.000000,-99.000000,-1,0
68475,603236,0.028547,39243.249013,39243.364262,1, 0, 0, 1,1.546181,-0.340973,-16.927540,-1,2
68475,603237,0.170606,39243.391072,39243.506321,0, 0, 0, 0,-99.000000,-99.000000,-99.000000,-1,1
68475,603238,0.206553,39243.427019,39243.542268,0, 0, 0, 0,-99.000000,-99.000000,-99.000000,-1,1
68475,603239,0.319066,39243.539531,39243.654781,0, 0, 0, 0,-99.000000,-99.000000,-99.000000,-1,1
68475,603240,0.348419,39243.568884,39243.684134,0, 0, 0, 0,-99.000000,-99.000000,-99.000000,-1,0
68475,603241,0.475650,39243.696115,39243.811365,1, 0, 0, 1,-7.536841,3.348003,8.690402,-1,2
68475,603242,0.494463,39243.714928,39243.830178,0, 0, 0, 0,-99.000000,-99.000000,-99.000000,-1,1
68475,603243,0.516556,39243.737021,39243.852271,1, 0, 0, 1,-0.474014,-2.039247,-15.146053,-1,2
68475,603244,0.543958,39243.764422,39243.879673,0, 0, 0, 0,-99.000000,-99.000000,-99.000000,-1,0
68475,603245,0.606543,39243.827007,39243.942257,0, 0, 0, 0,-99.000000,-99.000000,-99.000000,-1,1
68475,603246,0.750003,39243.970467,39244.085718,0, 0, 0, 0,-99.000000,-99.000000,-99.000000,-1,1
68475,603247,0.750101,39243.970565,39244.085816,1, 0, 0, 1,-4.658102,4.205275,-12.222598,-1,2
68475,603248,0.901393,39244.121857,39244.237108,0, 0, 0, 0,-99.000000,-99.000000,-99.000000,-1,1
68475,603249,0.949146,39244.169609,39244.284860,1, 0, 0, 1,4.729508,-4.448039,11.404687,-1,2
68475,603250,1.036870,39244.257333,39244.372585,0, 0, 0, 0,-99.000000,-99.000000,-99.000000,-1,0
68475,603251,1.240036,39244.460499,39244.575750,1, 0, 0, 1,0.728837,-6.615418,-11.511096,-1,2
68475,603252,1.330726,39244.551189,39244.666441,1, 1, 0, 1,-2.629646,0.883522,5.235947,-1,4
68475,603253,1.626828,39244.847290,39244.962543,1, 0, 0, 1,6.636767,-4.312864,-9.675886,-1,2
68475,603254,1.837830,39245.058292,39245.173545,1, 0, 0, 1,-8.420323,2.698855,10.728760,-1,2
68475,603255,1.842637,39245.063099,39245.178352,0, 0, 0, 0,-99.000000,-99.000000,-99.000000,-1,1
68475,603256,1.948921,39245.169383,39245.284636,0, 0, 0, 0,-99.000000,-99.000000,-99.000000,-1,0
68475,603257,2.016830,39245.237291,39245.352544,0, 0, 0, 0,-99.000000,-99.000000,-99.000000,-1,1
68475,603406,0.026458,39261.755432,39261.870718,0, 0, 0, 0,-99.000000,-99.000000,-99.000000,-1,1
68475,603407,0.042188,39261.771161,39261.886448,1, 0, 0, 1,2.527401,15.585954,3.918441,-1,2
68475,603408,0.062334,39261.791308,39261.906594,1, 0, 0, 1,1.002946,-4.906426,-17.537391,-1,2
68475,603409,0.122623,39261.851597,39261.966883,1, 0, 0, 1,0.715854,5.286003,-13.169424,-1,2
68475,603410,0.150347,39261.879320,39261.994607,1, 0, 0, 1,-1.178382,5.073846,-2.985222,-1,2
68475,603411,0.182063,39261.911036,39262.026323,1, 0, 0, 1,-3.529544,4.078163,19.464825,-1,2
68475,603412,0.201501,39261.930475,39262.045762,1, 0, 0, 1,-1.856941,0.042528,0.801476,-1,2
68475,603413,0.351305,39262.080278,39262.195565,1, 0, 0, 1,5.947910,-4.161661,-12.257458,-1,2
68475,603414,0.632992,39262.361964,39262.477252,1, 0, 0, 1,2.762027,3.211622,-7.487869,-1,2
68475,603415,0.682303,39262.411276,39262.526563,1, 0, 0, 1,-3.204151,-7.766148,16.902858,-1,2
68475,603416,0.961427,39262.690399,39262.805687,0, 0, 0, 0,-99.000000,-99.000000,-99.000000,-1,1
68475,603417,1.165172,39262.894144,39263.009433,0, 0, 0, 0,-99.000000,-99.000000,-99.000000,-1,0
68475,603418,1.170887,39262.899858,39263.015147,0, 0, 0, 0,-99.000000,-99.000000,-99.000000,-1,1
68475,603419,1.211130,39262.940102,39263.055390,0, 0, 0, 0,-99.000000,-99.000000,-99.000000,-1,1
68475,603420,1.255521,39262.984493,39263.099782,1, 0, 0, 1,-5.661695,4.806868,-10.768544,-1,2
68475,603421,1.430576,39263.159547,39263.274836,1, 0, 0, 1,-0.831696,10.336123,18.629486,-1,2
68475,603422,1.460342,39263.189313,39263.304603,0, 0, 0, 0,-99.000000,-99.000000,-99.000000,-1,0
68475,603423,1.584908,39263.313879,39263.429169,0, 0, 0, 0,-99.000000,-99.000000,-99.000000,-1,1
68475,603424,1.590046,39263.319017,39263.434306,1, 0, 0, 1,4.484307,-0.311242,5.504217,-1,2
68475,603425,1.621666,39263.350636,39263.465926,1, 0, 0, 1,-4.767343,0.154783,15.639355,-1,2
68475,603426,1.715640,39263.444611,39263.559900,0, 0, 0, 0,-99.000000,-99.000000,-99.000000,-1,0
68475,603427,1.977505,39263.706475,39263.821765,1, 0, 0, 1,-2.218833,6.649419,1.876634,-1,2
68475,603428,2.007548,39263.736518,39263.851808,0, 0, 0, 0,-99.000000,-99.000000,-99.000000,-1,1
68475,603717,0.131969,39292.221324,39292.336672,0, 0, 0, 0,-99.000000,-99.000000,-99.000000,-1,0
68475,603718,0.161268,39292.250623,39292.365971,0, 0, 0, 0,-99.000000,-99.000000,-99.000000,-1,1
68475,603719,0.241690,39292.331045,39292.446393,0, 0, 0, 0,-99.000000,-99.000000,-99.000000,-1,1
68475,603720,0.271832,39292.361186,39292.476534,1, 0, 0, 1,-2.839100,0.330716,20.283669,-1,2
68475,603721,0.294660,39292.384015,39292.499363,1, 0, 0, 1,2.019710,2.342208,-14.357640,-1,2
68475,603722,0.453662,39292.543016,39292.658365,1, 0, 0, 1,-8.863778,-0.009088,8.806836,-1,2
68475,603723,0.645460,39292.734814,39292.850163,1, 0, 0, 1,-2.823461,3.156274,-3.577393,-1,2
68475,603724,0.967505,39293.056858,39293.172207,1, 0, 0, 1,1.026332,-8.936785,0.828250,-1,2
68475,603725,1.023394,39293.112748,39293.228097,0, 0, 0, 0,-99.000000,-99.000000,-99.000000,-1,1
68475,603726,1.398748,39293.488101,39293.603451,1, 0, 0, 1,-8.073512,3.753605,-6.193250,-1,2
68475,603727,1.485005,39293.574357,39293.689708,1, 0, 0, 1,7.971209,2.589691,-14.067048,-1,2
68475,603728,1.629535,39293.718887,39293.834238,0, 0, 0, 0,-99.000000,-99.000000,-99.000000,-1,0
68475,603729,1.731904,39293.821256,39293.936607,1, 0, 0, 1,-6.479436,1.035039,10.692526,-1,2
68475,603730,1.921103,39294.010455,39294.125806,0, 0, 0, 0,-99.000000,-99.000000,-99.000000,-1,1
68475,603731,1.932180,39294.021532,39294.136883,1, 0, 0, 1,-8.815125,8.486818,15.720477,-1,3
68475,603732,1.963057,39294.052408,39294.167759,1, 1, 1, 1,0.184317,-1.886888,-5.303643,-1,2
68475,603733,1.978902,39294.068253,39294.183605,1, 0, 0, 1,-5.290209,2.636643,15.893389,-1,2
68475,603780,0.051362,39298.265926,39298.381286,1, 0, 0, 1,4.170084,4.553355,17.107664,-1,2
68475,603781,0.227247,39298.441811,39298.557171,0, 0, 0, 0,-99.000000,-99.000000,-99.000000,-1,1
68475,603782,0.231119,39298.445683,39298.561043,0, 0, 0, 0,-99.000000,-99.000000,-99.000000,-1,0
68475,603783,0.231325,39298.445889,39298.561249,0, 0, 0, 0,-99.000000,-99.000000,-99.000000,-1,1
68475,603784,0.335321,39298.549885,39298.665245,0, 0, 0, 0,-99.000000,-99.000000,-99.000000,-1,0
68475,603785,0.721047,39298.935610,39299.050971,0, 0, 0, 0,-99.000000,-99.000000,-99.000000,-1,1
68475,603786,0.724904,39298.939467,39299.054828,1, 0, 0, 1,-3.067446,7.553149,-11.119166,-1,2
68475,603787,0.798911,39299.013474,39299.128835,1, 0, 0, 1,8.060196,2.521668,17.883295,-1,2
68475,603788,1.031455,39299.246017,39299.361379,1, 0, 0, 1,4.211109,0.637608,-8.557234,-1,2
68475,603789,1.076123,39299.290685,39299.406047,1, 0, 0, 1,-2.194335,-5.461236,-20.977937,-1,2
68475,603790,1.087849,39299.302412,39299.417773,1, 0, 0, 1,1.382226,6.993174,17.190166,-1,2
68475,603791,1.188148,39299.402710,39299.518072,0, 0, 0, 0,-99.000000,-99.000000,-99.000000,-1,0
68475,603792,1.230592,39299.445154,39299.560516,1, 0, 0, 1,-3.243565,7.816382,-15.804047,-1,2
68475,603793,1.241146,39299.455708,39299.571070,0, 0, 0, 0,-99.000000,-99.000000,-99.000000,-1,1
68475,603794,1.302525,39299.517087,39299.632449,1, 0, 0, 1,4.656371,-3.701802,5.005920,-1,2
68475,603795,1.323201,39299.537763,39299.653125,1, 0, 0, 1,-7.429932,0.149060,11.395608,-1,2
68475,603796,1.570240,39299.784802,39299.900165,1, 0, 0, 1,-3.861639,0.199203,-18.679551,-1,2
68475,603797,1.680914,39299.895475,39300.010838,1, 0, 0, 1,6.694253,-3.096651,-11.121330,-1,2
68475,603798,1.695951,39299.910512,39300.025875,1, 0, 0, 1,-0.625890,4.517622,-14.160295,-1,2
68475,603799,1.710960,39299.925521,39300.040884,0, 0, 0, 0,-99.000000,-99.000000,-99.000000,-1,1
68475,603800,1.917871,39300.132432,39300.247795,0, 0, 0, 0,-99.000000,-99.000000,-99.000000,-1,1
68475,603801,1.985747,39300.200308,39300.315672,0, 0, 0, 0,-99.000000,-99.000000,-99.000000,-1,1
68475,604038,0.063468,39328.638414,39328.753835,0, 0, 0, 0,-99.000000,-99.000000,-99.000000,-1,0
68475,604039,0.094579,39328.669524,39328.784945,0, 0, 0, 0,-99.000000,-99.000000,-99.000000,-1,1
68475,604040,0.866422,39329.441366,39329.556788,0, 0, 0, 0,-99.000000,-99.000000,-99.000000,-1,0
68475,604041,0.913678,39329.488622,39329.604045,1, 0, 0, 1,4.753732,-2.628452,8.613470,-1,2
68475,604042,1.085891,39329.660835,39329.776258,1, 0, 0, 1,-4.363467,16.479699,20.600293,-1,2
68475,604043,1.101162,39329.676106,39329.791529,0, 0, 0, 0,-99.000000,-99.000000,-99.000000,-1,1
68475,604044,1.159287,39329.734230,39329.849653,1, 0, 0, 1,-7.366862,6.118060,18.324049,-1,2
68475,604045,1.238656,39329.813599,39329.929022,0, 0, 0, 0,-99.000000,-99.000000,-99.000000,-1,0
68475,604046,1.256652,39329.831595,39329.947018,1, 0, 0, 1,-3.025575,-8.561702,-18.730923,-1,2
68475,604047,1.375253,39329.950196,39330.065620,0, 0, 0, 0,-99.000000,-99.000000,-99.000000,-1,1
68475,604048,1.495239,39330.070182,39330.185606,1, 0, 0, 1,-4.983598,-5.246138,14.687590,-1,2
68475,604049,1.530676,39330.105619,39330.221042,0, 0, 0, 0,-99.000000,-99.000000,-99.000000,-1,0
68475,604050,1.644244,39330.219187,39330.334611,1, 0, 0, 1,4.718533,-3.644747,-6.715859,-1,2
68475,604051,1.653283,39330.228226,39330.343650,0, 0, 0, 0,-99.000000,-99.000000,-99.000000,-1,1
68475,604052,1.802713,39330.377655,39330.493079,1, 0, 0, 1,3.068543,-2.609805,-17.505829,-1,2
68475,604053,1.878652,39330.453594,39330.569018,0, 0, 0, 0,-99.000000,-99.000000,-99.000000,-1,0
68475,604054,1.964614,39330.539556,39330.654980,0, 0, 0, 0,-99.000000,-99.000000,-99.000000,-1,1
68475,604214,0.268399,39347.365039,39347.480497,0, 0, 0, 0,-99.000000,-99.000000,-99.000000,-1,1
68475,604215,0.335282,39347.431923,39347.547381,1, 0, 0, 1,3.408934,-2.292244,-16.902460,-1,2
68475,604216,0.619822,39347.716462,39347.831921,0, 0, 0, 0,-99.000000,-99.000000,-99.000000,-1,1
68475,604217,0.708898,39347.805538,39347.920997,0, 0, 0, 0,-99.000000,-99.000000,-99.000000,-1,0
68475,604218,0.798922,39347.895562,39348.011021,0, 0, 0, 0,-99.000000,-99.000000,-99.000000,-1,1
68475,604219,1.201455,39348.298094,39348.413554,1, 0, 0, 1,-0.039473,-0.211883,-5.331577,-1,2
68475,604220,1.293666,39348.390305,39348.505765,1, 0, 0, 1,2.797446,-6.543571,12.645895,-1,2
68475,604221,1.427167,39348.523805,39348.639266,0, 0, 0, 0,-99.000000,-99.000000,-99.000000,-1,1
68475,604222,1.590374,39348.687012,39348.802473,0, 0, 0, 0,-99.000000,-99.000000,-99.000000,-1,0
68475,604223,1.769934,39348.866571,39348.982032,0, 0, 0, 0,-99.000000,-99.000000,-99.000000,-1,1
68475,604224,1.809027,39348.905665,39349.021126,1, 0, 0, 1,3.213171,5.680523,-8.456966,-1,2
68475,604225,1.974939,39349.071576,39349.187038,1, 0, 0, 1,4.331079,0.093708,3.280835,-1,2
68475,604485,0.010938,39377.467960,39377.583479,0, 0, 0, 0,-99.000000,-99.000000,-99.000000,-1,1
68475,604486,0.213046,39377.670068,39377.785587,0, 0, 0, 0,-99.000000,-99.000000,-99.000000,-1,1
68475,604487,0.254328,39377.711349,39377.826869,0, 0, 0, 0,-99.000000,-99.000000,-99.000000,-1,0
68475,604488,0.277522,39377.734544,39377.850063,1, 0, 0, 1,5.582487,0.181613,13.519764,-1,2
68475,604489,0.361144,39377.818165,39377.933685,1, 0, 0, 1,-6.993188,0.048243,-2.951198,-1,2
68475,604490,0.406738,39377.863760,39377.979279,1, 0, 0, 1,-1.963236,7.113550,0.859902,-1,2
68475,604491,0.575834,39378.032855,39378.148375,1, 0, 0, 1,8.678428,-2.491512,-7.853010,-1,2
68475,604492,0.590009,39378.047030,39378.162550,1, 0, 0, 1,-4.580647,-5.422400,-16.964290,-1,2
68475,604493,0.831890,39378.288911,39378.404431,0, 0, 0, 0,-99.000000,-99.000000,-99.000000,-1,0
68475,604494,0.835574,39378.292595,39378.408115,0, 0, 0, 0,-99.000000,-99.000000,-99.000000,-1,1
68475,604495,1.017856,39378.474877,39378.590398,0, 0, 0, 0,-99.000000,-99.000000,-99.000000,-1,1
68475,604496,1.048784,39378.505805,39378.621326,0, 0, 0, 0,-99.000000,-99.000000,-99.000000,-1,0
68475,604497,1.158258,39378.615278,39378.730799,1, 0, 0, 1,-1.023480,14.140545,-20.364595,-1,2
68475,604498,1.267724,39378.724744,39378.840265,0, 0, 0, 0,-99.000000,-99.000000,-99.000000,-1,1
68475,604499,1.480876,39378.937895,39379.053417,0, 0, 0, 0,-99.000000,-99.000000,-99.000000,-1,1
68475,604500,1.524669,39378.981688,39379.097210,1, 0, 0, 1,0.487335,1.473817,-0.320792,-1,2
68475,604501,1.665021,39379.122040,39379.237562,1, 0, 0, 1,-2.968046,-0.089934,0.307557,-1,2
68475,604502,1.684873,39379.141892,39379.257414,0, 0, 0, 0,-99.000000,-99.000000,-99.000000,-1,1
68475,604503,1.709618,39379.166637,39379.282159,1, 0, 0, 1,0.966071,4.088611,-2.258119,-1,2
68475,604504,1.821948,39379.278967,39379.394489,1, 0, 0, 1,-0.878289,-2.398879,-17.240213,-1,2
68475,604505,1.879355,39379.336374,39379.451896,1, 0, 0, 1,1.651232,4.641838,-12.007874,-1,2
68475,604545,0.021086,39383.603521,39383.719052,0, 0, 0, 0,-99.000000,-99.000000,-99.000000,-1,0
68475,604546,0.066177,39383.648612,39383.764143,0, 0, 0, 0,-99.000000,-99.000000,-99.000000,-1,0
68475,604547,0.253540,39383.835975,39383.951506,1, 0, 0, 1,2.433361,17.203489,16.212754,-1,2
68475,604548,0.398292,39383.980726,39384.096258,1, 0, 0, 1,2.092280,5.221331,-20.192853,-1,2
68475,604549,0.402194,39383.984628,39384.100160,1, 0, 0, 1,-3.602814,3.263895,-2.023873,-1,2
68475,604550,0.414089,39383.996523,39384.112055,1, 0, 0, 1,0.110067,-3.819042,4.381739,-1,2
68475,604551,0.443000,39384.025434,39384.140966,1, 0, 0, 1,4.363916,-2.636455,3.402641,-1,2
68475,604552,0.501467,39384.083901,39384.199433,0, 0, 0, 0,-99.000000,-99.000000,-99.000000,-1,1
68475,604553,0.601430,39384.183864,39384.299396,0, 0, 0, 0,-99.000000,-99.000000,-99.000000,-1,0
68475,604554,0.850829,39384.433262,39384.548795,1, 0, 0, 1,8.200461,-0.729997,-12.932785,-1,2
68475,604555,1.053581,39384.636014,39384.751547,1, 0, 0, 1,-4.375250,2.453591,-5.087377,-1,2
68475,604556,1.243657,39384.826090,39384.941623,1, 0, 0, 1,-1.012196,-3.488145,15.835995,-1,2
68475,604557,1.544876,39385.127308,39385.242842,1, 0, 0, 1,7.581186,4.815669,5.780073,-1,2
68475,604558,1.659517,39385.241949,39385.357483,0, 0, 0, 0,-99.000000,-99.000000,-99.000000,-1,1
68475,604559,1.662063,39385.244495,39385.360029,1, 0, 0, 1,6.596521,-1.357817,-13.455054,-1,2
68475,604560,1.670072,39385.252504,39385.368038,1, 0, 0, 1,-0.081873,-7.173912,5.190202,-1,2
68475,604561,1.755851,39385.338283,39385.453818,0, 0, 0, 0,-99.000000,-99.000000,-99.000000,-1,1
68475,604562,1.795804,39385.378236,39385.493770,1, 0, 0, 1,6.462970,-2.602592,6.175445,-1,2
68475,604563,1.825028,39385.407459,39385.522994,0, 0, 0, 0,-99.000000,-99.000000,-99.000000,-1,1
68475,604564,1.894679,39385.477111,39385.592645,1, 0, 0, 1,6.008521,-2.561695,15.828001,-1,2
68475,604565,1.918350,39385.500781,39385.616316,1, 0, 0, 1,1.579937,0.167617,-16.965818,-1,2
68475,604566,1.950580,39385.533011,39385.648546,1, 0, 0, 1,1.452863,-5.739883,17.078083,-1,2
68475,604567,2.002321,39385.584752,39385.700287,1, 0, 0, 1,-2.763129,-3.080315,-12.639522,-1,2
68475,604850,0.010431,39413.953248,39414.068840,0, 0, 0, 0,-99.000000,-99.000000,-99.000000,-1,0
68475,604851,0.161680,39414.104497,39414.220089,1, 0, 0, 1,-2.275282,-4.788449,-8.356365,-1,2
68475,604852,0.270999,39414.213815,39414.329408,0, 0, 0, 0,-99.000000,-99.000000,-99.000000,-1,0
68475,604853,0.401660,39414.344476,39414.460069,1, 0, 0, 1,9.351032,7.586896,-2.737232,-1,2
68475,604854,0.579371,39414.522187,39414.637780,1, 0, 0, 1,-4.461946,7.507478,-19.305023,-1,2
68475,604855,0.777710,39414.720525,39414.836118,1, 0, 0, 1,-6.636827,-1.155739,13.232215,-1,2
68475,604856,0.903039,39414.845853,39414.961447,0, 0, 0, 0,-99.000000,-99.000000,-99.000000,-1,1
68475,604857,0.988365,39414.931180,39415.046774,0, 0, 0, 0,-99.000000,-99.000000,-99.000000,-1,0
68475,604858,1.294940,39415.237754,39415.353348,0, 0, 0, 0,-99.000000,-99.000000,-99.000000,-1,1
68475,604859,1.365449,39415.308262,39415.423857,1, 1, 0, 1,-2.646472,2.899546,-10.926754,-1,2
68475,604860,1.374093,39415.316907,39415.432502,1, 0, 0, 1,-2.944154,-3.186787,-16.630611,-1,2
68475,604861,1.565505,39415.508319,39415.623914,0, 0, 0, 0,-99.000000,-99.000000,-99.000000,-1,1
68475,604862,1.729740,39415.672553,39415.788148,0, 0, 0, 0,-99.000000,-99.000000,-99.000000,-1,1
68475,604863,1.737053,39415.679866,39415.795462,1, 0, 0, 1,6.479859,1.994690,-0.245905,-1,2
68475,604864,1.837906,39415.780719,39415.896315,0, 0, 0, 0,-99.000000,-99.000000,-99.000000,-1,1
68475,604865,1.933878,39415.876690,39415.992286,0, 0, 0, 0,-99.000000,-99.000000,-99.000000,-1,0
68475,604866,1.949017,39415.891830,39416.007426,0, 0, 0, 0,-99.000000,-99.000000,-99.000000,-1,0
68475,604867,1.961286,39415.904098,39416.019694,1, 0, 0, 1,2.157701,-1.964991,20.710675,-1,2
68475,604868,1.982886,39415.925698,39416.041294,0, 0, 0, 0,-99.000000,-99.000000,-99.000000,-1,1
68475,605015,0.043868,39432.504644,39432.620273,1, 0, 0, 1,9.722828,3.038367,8.037353,-1,2
68475,605016,0.122279,39432.583055,39432.698684,1, 0, 0, 1,1.445126,-0.885332,7.039151,-1,2
68475,605017,0.163421,39432.624197,39432.739827,0, 0, 0, 0,-99.000000,-99.000000,-99.000000,-1,1
68475,605018,0.165332,39432.626108,39432.741738,0, 0, 0, 0,-99.000000,-99.000000,-99.000000,-1,0
68475,605019,0.171778,39432.632554,39432.748183,1, 0, 0, 1,5.118026,0.255505,4.011605,-1,2
68475,605020,0.264101,39432.724877,39432.840507,1, 0, 0, 1,-0.607751,-1.948699,6.026865,-1,2
68475,605021,0.267475,39432.728251,39432.843881,1, 0, 0, 1,3.742776,-1.572762,2.847809,-1,2
68475,605022,0.296072,39432.756847,39432.872477,1, 0, 0, 1,7.275048,0.638156,-5.881613,-1,2
68475,605023,0.339408,39432.800183,39432.915813,1, 0, 0, 1,-4.373299,-5.350207,6.013157,-1,2
68475,605024,0.363330,39432.824106,39432.939735,0, 0, 0, 0,-99.000000,-99.000000,-99.000000,-1,1
68475,605025,0.475151,39432.935927,39433.051557,1, 0, 0, 1,-0.921052,2.553805,18.522614,-1,2
68475,605026,0.499589,39432.960364,39433.075994,1, 0, 0, 1,-3.246340,-2.547054,-19.957500,-1,2
68475,605027,0.522940,39432.983715,39433.099345,1, 0, 0, 1,8.429015,6.326258,-5.193527,-1,2
68475,605028,0.523922,39432.984697,39433.100327,0, 0, 0, 0,-99.000000,-99.000000,-99.000000,-1,1
68475,605029,0.616627,39433.077402,39433.193032,1, 0, 0, 1,9.999981,-2.374703,-9.152635,-1,3
68475,605030,0.677786,39433.138561,39433.254191,0, 0, 0, 0,-99.000000,-99.000000,-99.000000,-1,1
68475,605031,0.688949,39433.149724,39433.265354,1, 0, 0, 1,1.108915,-8.214810,-3.756249,-1,2
68475,605032,0.725351,39433.186126,39433.301757,1, 0, 0, 1,-3.106288,3.798471,16.508260,-1,2
68475,605033,0.746617,39433.207392,39433.323023,0, 0, 0, 0,-99.000000,-99.000000,-99.000000,-1,0
68475,605034,0.790451,39433.251225,39433.366856,0, 0, 0, 0,-99.000000,-99.000000,-99.000000,-1,0
68475,605035,1.111102,39433.571876,39433.687508,0, 0, 0, 0,-99.000000,-99.000000,-99.000000,-1,0
68475,605036,1.299602,39433.760376,39433.876008,1, 0, 0, 1,6.368523,-5.119638,-5.742615,-1,2
68475,605037,1.657772,39434.118545,39434.234177,1, 0, 0, 1,8.835297,1.051065,11.804012,-1,2
68475,605038,1.735000,39434.195773,39434.311406,1, 0, 0, 1,-5.122568,-2.392659,-2.077067,-1,2
68475,605039,1.780558,39434.241331,39434.356963,0, 0, 0, 0,-99.000000,-99.000000,-99.000000,-1,1
68475,605040,1.800585,39434.261357,39434.376990,0, 0, 0, 0,-99.000000,-99.000000,-99.000000,-1,1
68475,605041,1.900857,39434.361630,39434.477263,1, 0, 0, 1,-8.346947,-3.555496,-21.114254,-1,2
68475,605042,1.974356,39434.435129,39434.550762,0, 0, 0, 0,-99.000000,-99.000000,-99.000000,-1,1
68475,605043,2.016658,39434.477430,39434.593063,1, 0, 0, 1,5.422073,5.475987,-16.337713,-1,2
68475,605310,0.015223,39462.836380,39462.952070,0, 0, 0, 0,-99.000000,-99.000000,-99.000000,-1,0
68475,605311,0.158772,39462.979929,39463.095619,0, 0, 0, 0,-99.000000,-99.000000,-99.000000,-1,1
68475,605312,0.305524,39463.126681,39463.242372,0, 0, 0, 0,-99.000000,-99.000000,-99.000000,-1,1
68475,605313,0.772388,39463.593544,39463.709235,1, 0, 0, 1,0.185350,4.761036,-6.281839,-1,2
68475,605314,1.255915,39464.077071,39464.192763,0, 0, 0, 0,-99.000000,-99.000000,-99.000000,-1,1
68475,605315,1.325625,39464.146780,39464.262473,1, 0, 0, 1,-8.371964,0.574226,-2.975194,-1,2
68475,605316,1.673370,39464.494524,39464.610217,1, 0, 0, 1,2.752579,0.780311,-14.082371,-1,2
68475,605317,1.751551,39464.572705,39464.688398,1, 0, 0, 1,5.753311,1.051523,3.299179,-1,2
68475,605318,1.761699,39464.582853,39464.698546,0, 0, 0, 0,-99.000000,-99.000000,-99.000000,-1,0
68475,605357,0.021549,39468.968027,39469.083729,1, 0, 0, 1,0.939784,-3.776646,15.614727,-1,2
68475,605358,0.081384,39469.027862,39469.143564,0, 0, 0, 0,-99.000000,-99.000000,-99.000000,-1,1
68475,605359,0.114092,39469.060570,39469.176273,1, 0, 0, 1,1.465016,6.009983,0.325484,-1,2
68475,605360,0.212525,39469.159003,39469.274706,1, 0, 0, 1,-1.683651,-10.740343,15.113504,-1,2
68475,605361,0.340681,39469.287158,39469.402861,0, 0, 0, 0,-99.000000,-99.000000,-99.000000,-1,0
68475,605362,0.498892,39469.445369,39469.561072,1, 0, 0, 1,-6.888914,4.850754,11.468904,-1,2
68475,605363,0.500566,39469.447043,39469.562747,1, 0, 0, 1,-2.101675,-10.859905,-18.781632,-1,2
68475,605364,0.561377,39469.507854,39469.623558,1, 0, 0, 1,1.312262,-14.646602,-10.109022,-1,2
68475,605365,0.724779,39469.671255,39469.786959,1, 0, 0, 1,1.516546,2.052122,7.212268,-1,2
68475,605366,0.818302,39469.764779,39469.880483,1, 0, 0, 1,0.603732,-6.544295,-11.028776,-1,2
68475,605367,0.829116,39469.775592,39469.891296,1, 0, 0, 1,-4.915189,9.218308,18.461804,-1,2
68475,605368,0.842769,39469.789245,39469.904949,1, 0, 0, 1,3.918051,-3.733201,7.393716,-1,2
68475,605369,0.954359,39469.900835,39470.016539,1, 0, 0, 1,6.943226,-5.584308,10.508149,-1,2
68475,605370,1.046695,39469.993171,39470.108876,1, 0, 0, 1,-1.460576,-0.533534,-12.118789,-1,2
68475,605371,1.124433,39470.070909,39470.186614,0, 0, 0, 0,-99.000000,-99.000000,-99.000000,-1,1
68475,605372,1.326624,39470.273100,39470.388805,0, 0, 0, 0,-99.000000,-99.000000,-99.000000,-1,1
68475,605373,1.432380,39470.378855,39470.494560,1, 0, 0, 1,4.295797,-5.940033,-11.011694,-1,2
68475,605374,1.585268,39470.531742,39470.647448,1, 0, 0, 1,7.862759,-1.939624,0.372428,-1,2
68475,605375,1.591336,39470.537810,39470.653516,1, 1, 0, 1,0.973048,-1.335228,20.214530,-1,2
68475,605376,1.742426,39470.688901,39470.804606,1, 0, 0, 1,-5.852040,3.351988,16.492174,-1,3
68475,605377,1.796227,39470.742702,39470.858408,1, 0, 0, 1,6.622789,-0.968460,-10.639683,-1,2
68475,605659,0.095732,39499.402591,39499.518354,1, 0, 0, 1,5.392517,-8.211006,-14.595437,-1,2
68475,605660,0.271260,39499.578119,39499.693882,1, 1, 0, 1,1.726525,1.155842,10.746676,-1,4
68475,605661,0.395926,39499.702785,39499.818549,1, 0, 0, 1,5.812697,2.162233,-4.634534,-1,2
68475,605662,0.427538,39499.734397,39499.850160,0, 0, 0, 0,-99.000000,-99.000000,-99.000000,-1,0
68475,605663,0.439635,39499.746493,39499.862257,0, 0, 0, 0,-99.000000,-99.000000,-99.000000,-1,0
68475,605664,0.952196,39500.259053,39500.374818,0, 0, 0, 0,-99.000000,-99.000000,-99.000000,-1,1
68475,605665,1.075888,39500.382746,39500.498511,0, 0, 0, 0,-99.000000,-99.000000,-99.000000,-1,1
68475,605666,1.136268,39500.443125,39500.558890,0, 0, 0, 0,-99.000000,-99.000000,-99.000000,-1,1
68475,605667,1.222399,39500.529256,39500.645022,0, 0, 0, 0,-99.000000,-99.000000,-99.000000,-1,1
68475,605668,1.424515,39500.731371,39500.847137,1, 0, 0, 1,6.672572,-4.791712,21.831015,-1,2
68475,605669,1.592939,39500.899796,39501.015562,0, 0, 0, 0,-99.000000,-99.000000,-99.000000,-1,1
68475,605670,1.608253,39500.915110,39501.030876,0, 0, 0, 0,-99.000000,-99.000000,-99.000000,-1,0
68475,605671,1.636946,39500.943802,39501.059569,1, 0, 0, 1,1.491665,-8.926297,18.392095,-1,2
68475,605672,1.704604,39501.011460,39501.127226,1, 0, 0, 1,-1.624948,2.466206,7.598821,-1,2
68475,605673,1.738740,39501.045596,39501.161362,0, 0, 0, 0,-99.000000,-99.000000,-99.000000,-1,0
68475,605674,1.805533,39501.112388,39501.228155,1, 0, 0, 1,5.433141,-7.179661,-1.909227,-1,2
68475,605675,1.839975,39501.146830,39501.262597,1, 1, 1, 1,-2.078097,1.383226,-6.747423,-1,3
68475,605676,1.967422,39501.274277,39501.390044,1, 0, 0, 1,-0.572375,-2.516814,8.843082,-1,2
68475,605677,2.012572,39501.319427,39501.435194,0, 0, 0, 0,-99.000000,-99.000000,-99.000000,-1,1
68475,605825,0.006462,39517.829153,39517.944953,1, 0, 0, 1,0.583532,6.104042,8.201436,-1,2
68475,605826,0.047519,39517.870210,39517.986010,1, 0, 0, 1,-0.627282,1.190943,-19.145755,-1,2
68475,605827,0.138015,39517.960706,39518.076506,1, 0, 0, 1,3.762101,-5.085995,0.727073,-1,2
68475,605828,0.808469,39518.631158,39518.746960,1, 0, 0, 1,-1.762024,-1.474580,-5.219738,-1,2
68475,605829,0.987475,39518.810164,39518.925966,1, 0, 0, 1,-0.218381,0.839490,-9.422194,-1,2
68475,605830,1.072193,39518.894882,39519.010684,0, 0, 0, 0,-99.000000,-99.000000,-99.000000,-1,1
68475,605831,1.099250,39518.921939,39519.037741,0, 0, 0, 0,-99.000000,-99.000000,-99.000000,-1,1
68475,605832,1.278168,39519.100857,39519.216659,1, 0, 0, 1,-3.983112,0.593943,-1.939446,-1,2
68475,605833,1.380195,39519.202883,39519.318686,1, 0, 0, 1,-7.463044,-0.687750,8.408981,-1,2
68475,605834,1.466761,39519.289449,39519.405252,1, 0, 0, 1,-2.839798,9.531648,19.025187,-1,2
68475,605835,1.476906,39519.299594,39519.415397,1, 0, 0, 1,-1.838969,-0.959284,17.424918,-1,2
68475,605836,1.508674,39519.331362,39519.447165,0, 0, 0, 0,-99.000000,-99.000000,-99.000000,-1,0
68475,605837,1.600154,39519.422842,39519.538645,1, 0, 0, 1,-1.820517,-6.573040,5.979560,-1,2
68475,605838,1.721088,39519.543776,39519.659579,1, 0, 0, 1,0.910076,-1.400809,18.722423,-1,2
68475,605839,1.859031,39519.681718,39519.797522,1, 0, 0, 1,8.144783,-6.785946,-6.155246,-1,5
68475,606109,0.050745,39548.233818,39548.349678,0, 0, 0, 0,-99.000000,-99.000000,-99.000000,-1,0
68475,606110,0.237652,39548.420723,39548.536585,1, 0, 0, 1,-0.993072,-9.039405,-4.259538,-1,3
68475,606111,0.304221,39548.487293,39548.603154,1, 0, 0, 1,-9.109098,0.690015,0.292434,-1,2
68475,606112,0.534697,39548.717768,39548.833630,1, 0, 0, 1,-2.646556,8.232950,-16.210950,-1,2
68475,606113,0.580094,39548.763165,39548.879027,1, 0, 0, 1,0.808544,-6.891721,4.250794,-1,2
68475,606114,0.638587,39548.821658,39548.937520,1, 0, 0, 1,2.000322,6.685812,-12.372504,-1,2
68475,606115,0.672344,39548.855415,39548.971277,1, 0, 0, 1,1.803220,9.134616,-2.219836,-1,2
68475,606116,0.680412,39548.863483,39548.979346,1, 0, 0, 1,-6.981096,-0.002972,3.090111,-1,2
68475,606117,0.929590,39549.112661,39549.228523,1, 0, 0, 1,3.999741,8.996076,19.330931,-1,2
68475,606118,0.962228,39549.145298,39549.261161,0, 0, 0, 0,-99.000000,-99.000000,-99.000000,-1,1
68475,606119,1.096274,39549.279344,39549.395207,1, 0, 0, 1,-4.946395,-5.387064,2.734803,-1,2
68475,606120,1.147669,39549.330739,39549.446602,0, 0, 0, 0,-99.000000,-99.000000,-99.000000,-1,1
68475,606121,1.200085,39549.383155,39549.499018,1, 0, 0, 1,-8.566371,7.957128,-7.881560,-1,3
68475,606122,1.328212,39549.511281,39549.627145,1, 0, 0, 1,6.723987,-1.884002,3.149113,-1,2
68475,606123,1.362060,39549.545130,39549.660994,1, 0, 0, 1,-4.140168,4.126326,3.865845,-1,2
68475,606124,1.399686,39549.582755,39549.698619,0, 0, 0, 0,-99.000000,-99.000000,-99.000000,-1,1
68475,606125,1.494505,39549.677574,39549.793438,0, 0, 0, 0,-99.000000,-99.000000,-99.000000,-1,1
68475,606126,1.679340,39549.862408,39549.978273,0, 0, 0, 0,-99.000000,-99.000000,-99.000000,-1,1
68475,606127,1.772013,39549.955082,39550.070946,1, 0, 0, 1,-7.161553,-2.081320,-2.381404,-1,2
68475,606128,1.927057,39550.110126,39550.225990,1, 0, 0, 1,0.151682,4.517832,4.451052,-1,3
68475,606170,0.119482,39554.427944,39554.543817,1, 0, 0, 1,4.409995,5.161290,-13.389474,-1,2
68475,606171,0.127535,39554.435997,39554.551871,0, 0, 0, 0,-99.000000,-99.000000,-99.000000,-1,0
68475,606172,0.222580,39554.531042,39554.646916,0, 0, 0, 0,-99.000000,-99.000000,-99.000000,-1,1
68475,606173,0.478074,39554.786535,39554.902409,1, 0, 0, 1,2.314492,-5.455494,-4.139522,-1,2
68475,606174,0.482646,39554.791107,39554.906981,1, 0, 0, 1,6.923828,0.692203,5.260101,-1,2
68475,606175,0.522424,39554.830885,39554.946759,0, 0, 0, 0,-99.000000,-99.000000,-99.000000,-1,1
68475,606176,0.571282,39554.879743,39554.995618,1, 0, 0, 1,-4.076797,6.280780,-1.285797,-1,2
68475,606177,0.651755,39554.960216,39555.076091,1, 0, 0, 1,-5.141352,3.015311,-16.637610,-1,2
68475,606178,0.875972,39555.184432,39555.300307,1, 0, 0, 1,-5.006723,-0.763338,-15.487727,-1,2
68475,606179,0.912469,39555.220930,39555.336805,0, 0, 0, 0,-99.000000,-99.000000,-99.000000,-1,1
68475,606180,1.234376,39555.542836,39555.658712,1, 0, 0, 1,-0.209426,3.696389,11.072561,-1,2
68475,606181,1.434559,39555.743019,39555.858894,1, 0, 0, 1,0.153960,-1.758923,3.789685,-1,2
68475,606182,1.466478,39555.774937,39555.890813,1, 0, 0, 1,7.091453,-0.478664,-3.466962,-1,2
68475,606183,1.519322,39555.827781,39555.943657,1, 0, 0, 1,-0.181923,-4.464930,-15.534491,-1,2
68475,606184,1.584213,39555.892672,39556.008549,1, 0, 0, 1,4.899136,1.067607,6.258496,-1,2
68475,606185,1.647899,39555.956358,39556.072234,0, 0, 0, 0,-99.000000,-99.000000,-99.000000,-1,0
68475,606186,1.723313,39556.031772,39556.147648,1, 0, 0, 1,-6.844307,6.192628,5.648282,-1,2
68475,606187,1.795337,39556.103796,39556.219672,1, 0, 0, 1,-0.799995,1.772000,5.937408,-1,2
68475,606188,1.912107,39556.220565,39556.336442,1, 0, 0, 1,8.823045,2.728269,-15.645060,-1,2
68475,606189,1.983250,39556.291708,39556.407585,0, 0, 0, 0,-99.000000,-99.000000,-99.000000,-1,1
68475,606479,0.041190,39584.710033,39584.825967,0, 0, 0, 0,-99.000000,-99.000000,-99.000000,-1,1
68475,606480,0.462273,39585.131116,39585.247050,0, 0, 0, 0,-99.000000,-99.000000,-99.000000,-1,0
68475,606481,0.560738,39585.229581,39585.345516,0, 0, 0, 0,-99.000000,-99.000000,-99.000000,-1,0
68475,606482,0.619989,39585.288831,39585.404766,1, 0, 0, 1,-4.262369,3.686349,6.525549,-1,2
68475,606483,0.667740,39585.336582,39585.452517,0, 0, 0, 0,-99.000000,-99.000000,-99.000000,-1,1
68475,606484,0.789283,39585.458125,39585.574060,1, 0, 0, 1,-2.137904,6.485044,-6.333282,-1,2
68475,606485,0.820719,39585.489562,39585.605497,0, 0, 0, 0,-99.000000,-99.000000,-99.000000,-1,1
68475,606486,0.947791,39585.616633,39585.732569,1, 0, 0, 1,-3.962828,-4.336902,7.000233,-1,3
68475,606487,1.040596,39585.709438,39585.825374,0, 0, 0, 0,-99.000000,-99.000000,-99.000000,-1,1
68475,606488,1.044116,39585.712957,39585.828893,0, 0, 0, 0,-99.000000,-99.000000,-99.000000,-1,1
68475,606489,1.079826,39585.748667,39585.864603,1, 0, 0, 1,-0.759985,5.572741,-17.559629,-1,5
68475,606490,1.446461,39586.115302,39586.231239,0, 0, 0, 0,-99.000000,-99.000000,-99.000000,-1,1
68475,606491,1.450852,39586.119693,39586.235630,0, 0, 0, 0,-99.000000,-99.000000,-99.000000,-1,1
68475,606492,1.470223,39586.139064,39586.255001,0, 0, 0, 0,-99.000000,-99.000000,-99.000000,-1,1
68475,606493,1.612381,39586.281222,39586.397159,0, 0, 0, 0,-99.000000,-99.000000,-99.000000,-1,1
68475,606494,1.740983,39586.409824,39586.525761,1, 0, 0, 1,-4.994820,-2.261407,0.681569,-1,2
68475,606495,1.954012,39586.622852,39586.738790,1, 0, 0, 1,-2.205976,4.378110,-17.350526,-1,2
68475,606642,0.021714,39603.172109,39603.288080,0, 0, 0, 0,-99.000000,-99.000000,-99.000000,-1,1
68475,606643,0.126605,39603.277000,39603.392971,0, 0, 0, 0,-99.000000,-99.000000,-99.000000,-1,1
68475,606644,0.351216,39603.501610,39603.617582,0, 0, 0, 0,-99.000000,-99.000000,-99.000000,-1,0
68475,606645,0.355251,39603.505645,39603.621617,0, 0, 0, 0,-99.000000,-99.000000,-99.000000,-1,1
68475,606646,0.460153,39603.610547,39603.726519,0, 0, 0, 0,-99.000000,-99.000000,-99.000000,-1,0
68475,606647,0.482121,39603.632515,39603.748487,1, 0, 0, 1,-7.680124,-5.317013,-8.867132,-1,2
68475,606648,0.517919,39603.668313,39603.784285,1, 0, 0, 1,4.690368,-2.274689,14.069205,-1,2
68475,606649,0.635684,39603.786078,39603.902050,1, 0, 0, 1,-7.046317,1.704901,3.188877,-1,2
68475,606650,0.870930,39604.021324,39604.137296,1, 0, 0, 1,-3.933849,4.929097,-19.874974,-1,2
68475,606651,0.994790,39604.145183,39604.261156,0, 0, 0, 0,-99.000000,-99.000000,-99.000000,-1,1
68475,606652,1.042401,39604.192794,39604.308767,1, 0, 0, 1,2.287194,-6.491480,5.795572,-1,2
68475,606653,1.325941,39604.476333,39604.592307,0, 0, 0, 0,-99.000000,-99.000000,-99.000000,-1,1
68475,606654,1.362526,39604.512919,39604.628892,1, 0, 0, 1,2.535024,3.851477,0.728525,-1,2
68475,606655,1.780532,39604.930924,39605.046898,0, 0, 0, 0,-99.000000,-99.000000,-99.000000,-1,1
68475,606656,1.810387,39604.960779,39605.076753,1, 0, 0, 1,-0.761072,3.031929,19.933511,-1,2
68475,606657,1.832939,39604.983331,39605.099305,0, 0, 0, 0,-99.000000,-99.000000,-99.000000,-1,1
68475,606658,1.834972,39604.985363,39605.101338,1, 0, 0, 1,4.730264,-4.900365,0.241504,-1,2
68475,606659,1.952463,39605.102855,39605.218829,1, 0, 0, 1,-6.060689,-2.079698,-12.096747,-1,2
68475,606660,1.983455,39605.133847,39605.249822,1, 0, 0, 1,-6.697624,-2.940664,16.295951,-1,4
68475,606967,0.175766,39633.686542,39633.802574,1, 0, 0, 1,4.368528,-0.858349,-3.526482,-1,2
68475,606968,0.256819,39633.767595,39633.883627,0, 0, 0, 0,-99.000000,-99.000000,-99.000000,-1,1
68475,606969,0.434478,39633.945254,39634.061286,1, 0, 0, 1,1.987318,-5.192990,-7.919003,-1,2
68475,606970,0.535147,39634.045923,39634.161955,0, 0, 0, 0,-99.000000,-99.000000,-99.000000,-1,1
68475,606971,0.590361,39634.101137,39634.217170,1, 0, 0, 1,-0.513825,3.155724,4.672295,-1,3
68475,606972,0.640554,39634.151330,39634.267363,0, 0, 0, 0,-99.000000,-99.000000,-99.000000,-1,1
68475,606973,0.702960,39634.213735,39634.329768,1, 0, 0, 1,-0.754880,-3.760136,-10.132859,-1,2
68475,606974,0.785417,39634.296192,39634.412225,0, 0, 0, 0,-99.000000,-99.000000,-99.000000,-1,1
68475,606975,0.878080,39634.388855,39634.504889,0, 0, 0, 0,-99.000000,-99.000000,-99.000000,-1,1
68475,606976,0.946030,39634.456805,39634.572839,0, 0, 0, 0,-99.000000,-99.000000,-99.000000,-1,1
68475,606977,1.020666,39634.531441,39634.647475,1, 0, 0, 1,-7.008128,9.567381,0.862578,-1,2
68475,606978,1.123191,39634.633966,39634.749999,1, 0, 0, 1,0.570958,-7.636242,6.461806,-1,2
68475,606979,1.580020,39635.090794,39635.206828,1, 0, 0, 1,10.443008,-4.672884,0.930668,-1,2
68475,606980,1.719845,39635.230618,39635.346653,0, 0, 0, 0,-99.000000,-99.000000,-99.000000,-1,1
68475,606981,1.768218,39635.278991,39635.395026,1, 0, 0, 1,6.165020,4.322827,2.941008,-1,2
68475,606982,1.865484,39635.376257,39635.492293,1, 0, 0, 1,3.941638,-7.689375,18.229548,-1,2
68475,607015,0.031719,39639.667742,39639.783786,1, 0, 0, 1,-5.269633,-0.977672,-9.877038,-1,2
68475,607016,0.035014,39639.671037,39639.787081,0, 0, 0, 0,-99.000000,-99.000000,-99.000000,-1,1
68475,607017,0.132604,39639.768627,39639.884671,1, 0, 0, 1,4.948029,-4.519107,-14.752358,-1,2
68475,607018,0.283806,39639.919828,39640.035873,0, 0, 0, 0,-99.000000,-99.000000,-99.000000,-1,1
68475,607019,0.306943,39639.942965,39640.059010,0, 0, 0, 0,-99.000000,-99.000000,-99.000000,-1,1
68475,607020,0.326724,39639.962746,39640.078791,0, 0, 0, 0,-99.000000,-99.000000,-99.000000,-1,1
68475,607021,0.612827,39640.248849,39640.364894,0, 0, 0, 0,-99.000000,-99.000000,-99.000000,-1,0
68475,607022,0.876678,39640.512699,39640.628744,0, 0, 0, 0,-99.000000,-99.000000,-99.000000,-1,0
68475,607023,0.926910,39640.562932,39640.678977,0, 0, 0, 0,-99.000000,-99.000000,-99.000000,-1,0
68475,607024,1.082464,39640.718485,39640.834531,1, 0, 0, 1,7.312622,-0.592522,-21.236972,-1,2
68475,607025,1.145310,39640.781331,39640.897377,0, 0, 0, 0,-99.000000,-99.000000,-99.000000,-1,0
68475,607026,1.337251,39640.973271,39641.089318,1, 0, 0, 1,-1.491811,-2.813551,16.684322,-1,2
68475,607027,1.390881,39641.026902,39641.142948,1, 0, 0, 1,0.086675,-0.706041,-11.383231,-1,2
68475,607028,1.447697,39641.083717,39641.199763,0, 0, 0, 0,-99.000000,-99.000000,-99.000000,-1,0
68475,607029,1.504259,39641.140279,39641.256326,1, 0, 0, 1,2.610921,4.077745,8.088660,-1,2
68475,607030,1.783177,39641.419196,39641.535244,1, 0, 0, 1,-2.125144,3.592640,-8.954763,-1,2
68475,607031,1.885418,39641.521437,39641.637485,0, 0, 0, 0,-99.000000,-99.000000,-99.000000,-1,1
68475,607032,1.973714,39641.609733,39641.725780,1, 0, 0, 1,3.381407,1.413308,-20.510100,-1,2
68475,607033,1.997803,39641.633822,39641.749870,1, 0, 0, 1,-0.323334,4.573983,-17.723007,-1,2
68475,607288,0.149832,39670.146236,39670.262341,0, 0, 0, 0,-99.000000,-99.000000,-99.000000,-1,0
68475,607289,0.237254,39670.233658,39670.349763,1, 0, 0, 1,-1.261331,2.009879,3.024376,-1,2
68475,607290,0.343201,39670.339604,39670.455710,1, 0, 0, 1,2.037985,7.723678,-9.517569,-1,2
68475,607291,0.365263,39670.361667,39670.477772,1, 0, 0, 1,-8.767039,-0.130853,-9.209554,-1,2
68475,607292,0.392245,39670.388649,39670.504754,0, 0, 0, 0,-99.000000,-99.000000,-99.000000,-1,1
68475,607293,0.508206,39670.504609,39670.620715,0, 0, 0, 0,-99.000000,-99.000000,-99.000000,-1,0
68475,607294,0.522215,39670.518618,39670.634724,1, 0, 0, 1,-7.254986,2.644512,6.694957,-1,2
68475,607295,0.587692,39670.584096,39670.700201,0, 0, 0, 0,-99.000000,-99.000000,-99.000000,-1,0
68475,607296,0.592272,39670.588676,39670.704782,1, 0, 0, 1,4.990654,5.454075,-2.260487,-1,2
68475,607297,0.675349,39670.671752,39670.787858,0, 0, 0, 0,-99.000000,-99.000000,-99.000000,-1,1
68475,607298,0.723064,39670.719467,39670.835573,1, 0, 0, 1,-0.292919,0.261228,11.778289,-1,2
68475,607299,0.812483,39670.808886,39670.924992,1, 0, 0, 1,-8.147976,2.635284,-6.802654,-1,2
68475,607300,0.833935,39670.830338,39670.946445,1, 0, 0, 1,-4.904039,-1.685843,-14.173304,-1,2
68475,607301,0.987974,39670.984376,39671.100483,0, 0, 0, 0,-99.000000,-99.000000,-99.000000,-1,1
68475,607302,1.004855,39671.001258,39671.117364,1, 0, 0, 1,2.886784,-8.819791,17.654250,-1,2
68475,607303,1.042472,39671.038874,39671.154981,1, 0, 0, 1,-0.345003,-2.471581,-19.500081,-1,2
68475,607304,1.053243,39671.049646,39671.165752,1, 0, 0, 1,-8.023449,-1.615211,-7.536494,-1,2
68475,607305,1.082795,39671.079198,39671.195304,0, 0, 0, 0,-99.000000,-99.000000,-99.000000,-1,1
68475,607306,1.133451,39671.129853,39671.245960,1, 0, 0, 1,2.990930,-0.016561,1.073069,-1,2
68475,607307,1.210973,39671.207375,39671.323482,1, 0, 0, 1,-8.201508,-0.313983,0.300651,-1,2
68475,607308,1.230831,39671.227233,39671.343340,1, 0, 0, 1,5.117613,-2.315631,11.348138,-1,2
68475,607309,1.446495,39671.442896,39671.559004,1, 0, 0, 1,-0.870513,-3.712284,-3.502976,-1,2
68475,607310,1.446847,39671.443248,39671.559356,1, 0, 0, 1,5.808640,2.238405,-1.979750,-1,2
68475,607311,1.484669,39671.481071,39671.597178,1, 0, 0, 1,-7.962572,0.195825,-18.658898,-1,2
68475,607312,1.511918,39671.508319,39671.624427,0, 0, 0, 0,-99.000000,-99.000000,-99.000000,-1,1
68475,607313,1.559465,39671.555866,39671.671974,0, 0, 0, 0,-99.000000,-99.000000,-99.000000,-1,0
68475,607314,1.584222,39671.580623,39671.696731,0, 0, 0, 0,-99.000000,-99.000000,-99.000000,-1,1
68475,607315,1.668751,39671.665152,39671.781260,0, 0, 0, 0,-99.000000,-99.000000,-99.000000,-1,1
68475,607316,1.669858,39671.666259,39671.782367,1, 0, 0, 1,-6.043909,-2.138192,14.097873,-1,10
68475,607317,1.674692,39671.671093,39671.787201,1, 0, 0, 1,-0.172111,-5.502063,0.058160,-1,2
68475,607318,1.782170,39671.778571,39671.894679,0, 0, 0, 0,-99.000000,-99.000000,-99.000000,-1,1
68475,607319,1.789812,39671.786213,39671.902322,1, 0, 0, 1,-1.667322,1.968726,16.702391,-1,2
68475,607320,1.793682,39671.790083,39671.906192,1, 0, 0, 1,-3.980416,3.716147,11.616042,-1,2
68475,607321,1.796693,39671.793094,39671.909202,1, 0, 0, 1,1.288916,7.941510,20.439574,-1,2
68475,607322,1.841234,39671.837634,39671.953743,0, 0, 0, 0,-99.000000,-99.000000,-99.000000,-1,1
68475,608307,0.147235,39775.020065,39775.136380,0, 0, 0, 0,-99.000000,-99.000000,-99.000000,-1,1
68475,608308,0.229138,39775.101967,39775.218283,0, 0, 0, 0,-99.000000,-99.000000,-99.000000,-1,1
68475,608309,0.234919,39775.107748,39775.224064,1, 0, 0, 1,5.396925,-2.636264,7.456112,-1,2
68475,608310,0.304858,39775.177686,39775.294002,0, 0, 0, 0,-99.000000,-99.000000,-99.000000,-1,1
68475,608311,0.848210,39775.721038,39775.837355,1, 0, 0, 1,-2.078697,7.660230,18.377564,-1,2
68475,608312,0.938028,39775.810856,39775.927173,1, 0, 0, 1,-5.806758,-3.210160,-7.829035,-1,2
68475,608313,0.938458,39775.811286,39775.927603,1, 0, 0, 1,2.246804,-4.310511,15.788461,-1,2
68475,608314,1.004835,39775.877662,39775.993980,0, 0, 0, 0,-99.000000,-99.000000,-99.000000,-1,1
68475,608315,1.190481,39776.063308,39776.179625,0, 0, 0, 0,-99.000000,-99.000000,-99.000000,-1,1
68475,608316,1.326012,39776.198839,39776.315156,1, 0, 0, 1,-6.258071,5.228645,7.764089,-1,2
68475,608317,1.381847,39776.254674,39776.370992,1, 0, 0, 1,-5.527475,-0.802424,-18.427106,-1,2
68475,608318,1.400306,39776.273132,39776.389450,0, 0, 0, 0,-99.000000,-99.000000,-99.000000,-1,0
68475,608319,1.472338,39776.345165,39776.461483,0, 0, 0, 0,-99.000000,-99.000000,-99.000000,-1,0
68475,608320,1.493151,39776.365978,39776.482296,1, 0, 0, 1,2.796473,3.819942,11.803498,-1,2
68475,608321,1.523947,39776.396774,39776.513092,0, 0, 0, 0,-99.000000,-99.000000,-99.000000,-1,1
68475,608322,1.527493,39776.400319,39776.516638,0, 0, 0, 0,-99.000000,-99.000000,-99.000000,-1,0
68475,608323,1.763543,39776.636369,39776.752688,1, 0, 0, 1,-3.427848,7.247729,9.909804,-1,2
68475,608324,1.849261,39776.722087,39776.838406,1, 0, 0, 1,2.495770,-0.292783,5.736233,-1,2
68475,608615,0.029422,39805.262633,39805.379010,1, 0, 0, 1,-2.649552,0.671648,-13.458728,-1,2
68475,608616,0.065544,39805.298755,39805.415131,1, 0, 0, 1,0.155673,10.652207,-3.763102,-1,2
68475,608617,0.086809,39805.320020,39805.436397,1, 0, 0, 1,-6.843832,5.958451,14.902889,-1,2
68475,608618,0.132560,39805.365771,39805.482148,1, 0, 0, 1,1.939984,8.114476,-12.424164,-1,2
68475,608619,0.218333,39805.451544,39805.567920,1, 0, 0, 1,-1.158395,7.434125,-10.075507,-1,2
68475,608620,0.458220,39805.691430,39805.807807,0, 0, 0, 0,-99.000000,-99.000000,-99.000000,-1,0
68475,608621,0.529070,39805.762280,39805.878658,0, 0, 0, 0,-99.000000,-99.000000,-99.000000,-1,1
68475,608622,0.775619,39806.008829,39806.125207,0, 0, 0, 0,-99.000000,-99.000000,-99.000000,-1,0
68475,608623,0.819470,39806.052679,39806.169057,0, 0, 0, 0,-99.000000,-99.000000,-99.000000,-1,0
68475,608624,0.864554,39806.097763,39806.214141,0, 0, 0, 0,-99.000000,-99.000000,-99.000000,-1,0
68475,608625,0.875624,39806.108833,39806.225211,0, 0, 0, 0,-99.000000,-99.000000,-99.000000,-1,0
68475,608626,0.952622,39806.185831,39806.302210,1, 0, 0, 1,5.677450,2.105065,19.826706,-1,2
68475,608627,1.055712,39806.288921,39806.405299,0, 0, 0, 0,-99.000000,-99.000000,-99.000000,-1,1
68475,608628,1.353085,39806.586293,39806.702672,1, 0, 0, 1,-1.989190,5.663366,-9.265722,-1,2
68475,608629,1.440077,39806.673285,39806.789665,1, 0, 0, 1,3.329013,-3.357817,0.442189,-1,2
68475,608630,1.442858,39806.676066,39806.792445,1, 0, 0, 1,6.201552,4.190299,-10.478391,-1,2
68475,608631,1.481498,39806.714706,39806.831086,1, 0, 0, 1,-5.328286,6.159685,-2.131604,-1,2
68475,608632,1.759121,39806.992328,39807.108708,0, 0, 0, 0,-99.000000,-99.000000,-99.000000,-1,1
68475,608633,1.795031,39807.028239,39807.144618,1, 0, 0, 1,3.251073,6.200467,15.484393,-1,2
68475,608634,1.837362,39807.070570,39807.186950,1, 0, 0, 1,8.148267,0.957922,8.013649,-1,2
68475,608677,0.049212,39811.407620,39811.524008,1, 0, 0, 1,5.446412,9.999981,14.177303,-1,3
68475,608678,0.399806,39811.758212,39811.874602,1, 0, 0, 1,3.646938,3.526606,-19.356650,-1,2
68475,608679,0.586333,39811.944739,39812.061129,1, 0, 0, 1,7.230436,0.770604,-21.195445,-1,3
68475,608680,0.652818,39812.011224,39812.127614,1, 0, 0, 1,6.337473,-0.110646,-2.298659,-1,2
68475,608681,0.818824,39812.177229,39812.293620,1, 0, 0, 1,-0.635598,3.482619,-11.078105,-1,2
68475,608682,0.995222,39812.353628,39812.470018,0, 0, 0, 0,-99.000000,-99.000000,-99.000000,-1,0
68475,608683,1.054273,39812.412678,39812.529069,1, 0, 0, 1,4.197954,3.785801,15.904360,-1,2
68475,608684,1.185970,39812.544375,39812.660766,0, 0, 0, 0,-99.000000,-99.000000,-99.000000,-1,1
68475,608685,1.223582,39812.581987,39812.698378,0, 0, 0, 0,-99.000000,-99.000000,-99.000000,-1,1
68475,608686,1.249444,39812.607849,39812.724240,1, 0, 0, 1,8.491912,-6.113087,6.284690,-1,2
68475,608687,1.291783,39812.650188,39812.766579,0, 0, 0, 0,-99.000000,-99.000000,-99.000000,-1,1
68475,608688,1.530749,39812.889154,39813.005545,1, 0, 0, 1,5.562800,-3.287353,12.783050,-1,2
68475,608689,1.624724,39812.983129,39813.099520,1, 0, 0, 1,5.102626,-2.668148,-3.461563,-1,2
68475,608690,1.786666,39813.145069,39813.261462,1, 0, 0, 1,-5.131165,1.906888,-3.094592,-1,2
68475,608933,0.093400,39841.812188,39841.928638,1, 0, 0, 1,-1.590160,-6.045454,16.521718,-1,2
68475,608934,0.124902,39841.843691,39841.960141,0, 0, 0, 0,-99.000000,-99.000000,-99.000000,-1,1
68475,608935,0.200675,39841.919463,39842.035914,1, 0, 0, 1,3.629149,7.160154,10.529137,-1,2
68475,608936,0.211470,39841.930258,39842.046708,1, 0, 0, 1,6.594466,-11.201383,3.667628,-1,2
68475,608937,0.395607,39842.114395,39842.230845,1, 0, 0, 1,-5.391019,5.153578,8.315256,-1,2
68475,608938,0.450541,39842.169328,39842.285779,1, 0, 0, 1,6.723842,1.303476,5.048005,-1,2
68475,608939,0.557745,39842.276533,39842.392984,0, 0, 0, 0,-99.000000,-99.000000,-99.000000,-1,0
68475,608940,0.598122,39842.316910,39842.433361,1, 0, 0, 1,3.587437,-1.339495,-11.366242,-1,2
68475,608941,0.704436,39842.423223,39842.539674,0, 0, 0, 0,-99.000000,-99.000000,-99.000000,-1,1
68475,608942,0.707002,39842.425789,39842.542241,1, 0, 0, 1,-5.525377,-1.946630,-16.894557,-1,2
68475,608943,0.873301,39842.592088,39842.708539,0, 0, 0, 0,-99.000000,-99.000000,-99.000000,-1,1
68475,608944,0.879501,39842.598288,39842.714740,1, 0, 0, 1,-2.444905,0.028305,6.928145,-1,2
68475,608945,1.239182,39842.957968,39843.074420,0, 0, 0, 0,-99.000000,-99.000000,-99.000000,-1,1
68475,608946,1.522893,39843.241679,39843.358132,0, 0, 0, 0,-99.000000,-99.000000,-99.000000,-1,1
68475,608947,1.796187,39843.514972,39843.631426,1, 0, 0, 1,-4.061299,-6.536077,-0.875413,-1,2
68475,608948,1.811143,39843.529928,39843.646381,0, 0, 0, 0,-99.000000,-99.000000,-99.000000,-1,0
68475,608949,1.892063,39843.610848,39843.727301,1, 0, 0, 1,1.469317,-1.988074,8.795957,-1,2
68475,609123,0.041273,39860.266455,39860.382942,1, 0, 0, 1,-0.647052,-4.605969,13.049112,-1,2
68475,609124,0.043159,39860.268341,39860.384828,1, 0, 0, 1,-3.243939,6.363696,-9.244755,-1,2
68475,609125,0.052300,39860.277482,39860.393969,1, 0, 0, 1,2.533725,-1.381665,15.214023,-1,2
68475,609126,0.068105,39860.293287,39860.409774,0, 0, 0, 0,-99.000000,-99.000000,-99.000000,-1,1
68475,609127,0.159995,39860.385177,39860.501664,1, 0, 0, 1,-2.598555,3.307887,6.535791,-1,2
68475,609128,0.212267,39860.437448,39860.553936,0, 0, 0, 0,-99.000000,-99.000000,-99.000000,-1,1
68475,609129,0.271226,39860.496408,39860.612895,1, 0, 0, 1,3.721682,-0.132216,15.166547,-1,2
68475,609130,0.341552,39860.566733,39860.683221,1, 0, 0, 1,3.719357,-1.460448,-9.451600,-1,2
68475,609131,0.375310,39860.600491,39860.716979,1, 0, 0, 1,-2.754451,-2.027904,-9.085686,-1,2
68475,609132,0.565783,39860.790964,39860.907452,1, 0, 0, 1,6.470518,0.726306,16.432710,-1,2
68475,609133,0.610630,39860.835810,39860.952299,1, 0, 0, 1,-2.189442,5.555532,-16.944875,-1,2
68475,609134,0.662604,39860.887785,39861.004273,0, 0, 0, 0,-99.000000,-99.000000,-99.000000,-1,1
68475,609135,0.665914,39860.891095,39861.007584,1, 0, 0, 1,-3.729750,-1.346682,-17.563400,-1,2
68475,609136,0.723795,39860.948975,39861.065464,0, 0, 0, 0,-99.000000,-99.000000,-99.000000,-1,1
68475,609137,0.870712,39861.095892,39861.212381,0, 0, 0, 0,-99.000000,-99.000000,-99.000000,-1,0
68475,609138,0.957183,39861.182363,39861.298852,0, 0, 0, 0,-99.000000,-99.000000,-99.000000,-1,0
68475,609139,0.969452,39861.194632,39861.311121,1, 0, 0, 1,-3.656457,10.064210,-17.327477,-1,2
68475,609140,1.051140,39861.276320,39861.392809,0, 0, 0, 0,-99.000000,-99.000000,-99.000000,-1,1
68475,609141,1.140323,39861.365503,39861.481992,1, 0, 0, 1,2.785579,-6.427166,-8.084505,-1,2
68475,609142,1.196566,39861.421745,39861.538235,1, 0, 0, 1,-7.612827,2.529837,-20.616801,-1,2
68475,609143,1.345872,39861.571052,39861.687541,1, 0, 0, 1,-0.667442,-2.157502,-13.708176,-1,2
68475,609144,1.528290,39861.753469,39861.869959,0, 0, 0, 0,-99.000000,-99.000000,-99.000000,-1,1
68475,609145,1.650589,39861.875767,39861.992258,1, 0, 0, 1,-0.216091,3.012949,-16.333678,-1,2
68475,609146,1.766281,39861.991459,39862.107950,0, 0, 0, 0,-99.000000,-99.000000,-99.000000,-1,1
68475,609147,1.790525,39862.015704,39862.132194,0, 0, 0, 0,-99.000000,-99.000000,-99.000000,-1,0
68475,609148,1.800175,39862.025353,39862.141844,0, 0, 0, 0,-99.000000,-99.000000,-99.000000,-1,1
68475,609149,1.829517,39862.054695,39862.171186,0, 0, 0, 0,-99.000000,-99.000000,-99.000000,-1,1
68475,609150,1.886971,39862.112149,39862.228640,1, 0, 0, 1,7.989995,-1.091023,11.249433,-1,2
68475,609151,2.007774,39862.232952,39862.349443,0, 0, 0, 0,-99.000000,-99.000000,-99.000000,-1,0
68475,609416,0.274375,39890.859938,39890.976487,0, 0, 0, 0,-99.000000,-99.000000,-99.000000,-1,1
68475,609417,0.528932,39891.114495,39891.231044,0, 0, 0, 0,-99.000000,-99.000000,-99.000000,-1,1
68475,609418,0.556723,39891.142285,39891.258834,0, 0, 0, 0,-99.000000,-99.000000,-99.000000,-1,1
68475,609419,1.213101,39891.798661,39891.915212,1, 0, 0, 1,-3.451398,0.773951,-0.381129,-1,2
68475,609420,1.247492,39891.833053,39891.949604,1, 0, 0, 1,-3.768588,-4.867221,-6.755622,-1,2
68475,609421,1.305133,39891.890694,39892.007245,1, 0, 0, 1,-7.564217,6.315011,18.762409,-1,2
68475,609422,1.483989,39892.069549,39892.186100,1, 0, 0, 1,-5.580695,3.492231,-14.990118,-1,2
68475,609423,1.538205,39892.123765,39892.240316,0, 0, 0, 0,-99.000000,-99.000000,-99.000000,-1,0
68475,609424,1.689471,39892.275031,39892.391582,1, 0, 0, 1,4.080858,5.120632,-6.989273,-1,2
68475,609425,1.826131,39892.411691,39892.528243,1, 0, 0, 1,-0.541763,-3.604616,4.578304,-1,2
68475,609426,1.965021,39892.550581,39892.667133,0, 0, 0, 0,-99.000000,-99.000000,-99.000000,-1,1
68475,609427,1.969442,39892.555001,39892.671553,1, 0, 0, 1,2.229576,3.000638,10.460795,-1,2
68475,609428,2.005916,39892.591475,39892.708028,1, 0, 0, 1,-3.593392,3.709089,-16.429663,-1,2
68475,609471,0.149799,39896.860559,39896.977120,0, 0, 0, 0,-99.000000,-99.000000,-99.000000,-1,1
68475,609472,0.260158,39896.970919,39897.087480,1, 0, 0, 1,-1.347306,0.558754,-11.019019,-1,2
68475,609473,0.303787,39897.014547,39897.131108,1, 0, 0, 1,-0.234124,1.491012,-10.907612,-1,2
68475,609474,0.444862,39897.155622,39897.272184,0, 0, 0, 0,-99.000000,-99.000000,-99.000000,-1,1
68475,609475,0.492716,39897.203476,39897.320037,1, 0, 0, 1,7.042531,2.440088,-1.034457,-1,2
68475,609476,0.601183,39897.311942,39897.428504,1, 0, 0, 1,5.710023,5.667480,7.331158,-1,2
68475,609477,0.634686,39897.345446,39897.462008,0, 0, 0, 0,-99.000000,-99.000000,-99.000000,-1,1
68475,609478,0.670214,39897.380973,39897.497535,1, 0, 0, 1,8.503309,-0.247179,-12.919623,-1,2
68475,609479,0.768444,39897.479203,39897.595765,1, 0, 0, 1,-2.536956,2.779447,-4.371153,-1,2
68475,609480,1.117383,39897.828141,39897.944704,1, 0, 0, 1,0.681918,-4.399106,-16.260865,-1,2
68475,609481,1.337257,39898.048015,39898.164579,1, 0, 0, 1,-1.968494,2.308293,-22.541821,-1,2
68475,609482,1.538896,39898.249654,39898.366218,1, 0, 0, 1,3.984326,0.156501,13.030803,-1,2
68475,609483,1.598855,39898.309613,39898.426177,0, 0, 0, 0,-99.000000,-99.000000,-99.000000,-1,1
68475,609484,1.657828,39898.368585,39898.485149,0, 0, 0, 0,-99.000000,-99.000000,-99.000000,-1,0
68475,609485,1.733954,39898.444712,39898.561276,1, 0, 0, 1,-5.287249,-3.841826,16.621064,-1,2
68475,609486,1.734184,39898.444942,39898.561506,1, 0, 0, 1,-5.944541,-3.067262,-8.886026,-1,2
68475,609487,1.811157,39898.521914,39898.638478,0, 0, 0, 0,-99.000000,-99.000000,-99.000000,-1,1
68475,609488,1.970818,39898.681575,39898.798139,1, 0, 0, 1,-3.157561,5.379929,12.483291,-1,2
68475,609758,0.003530,39927.074673,39927.191294,1, 0, 0, 1,7.116841,-2.339545,18.524927,-1,2
68475,609759,0.235494,39927.306636,39927.423258,0, 0, 0, 0,-99.000000,-99.000000,-99.000000,-1,1
68475,609760,0.376682,39927.447823,39927.564445,0, 0, 0, 0,-99.000000,-99.000000,-99.000000,-1,0
68475,609761,0.393240,39927.464381,39927.581004,1, 0, 0, 1,-2.294139,-0.469651,11.168081,-1,2
68475,609762,0.493973,39927.565114,39927.681737,1, 0, 0, 1,-1.638488,7.532232,-16.869319,-1,2
68475,609763,0.545719,39927.616861,39927.733483,1, 0, 0, 1,0.331935,3.169738,1.603353,-1,2
68475,609764,0.809474,39927.880615,39927.997238,1, 0, 0, 1,-5.866507,1.689509,17.319460,-1,2
68475,609765,0.868016,39927.939156,39928.055780,1, 0, 0, 1,-4.519788,-0.040427,-9.587877,-1,2
68475,609766,0.906947,39927.978087,39928.094711,1, 0, 0, 1,-7.083004,1.349520,-11.108261,-1,2
68475,609767,0.924634,39927.995775,39928.112398,0, 0, 0, 0,-99.000000,-99.000000,-99.000000,-1,1
68475,609768,0.928412,39927.999552,39928.116175,0, 0, 0, 0,-99.000000,-99.000000,-99.000000,-1,0
68475,609769,1.016244,39928.087384,39928.204008,1, 0, 0, 1,-8.273873,-0.765089,-13.822619,-1,2
68475,609770,1.149000,39928.220140,39928.336764,0, 0, 0, 0,-99.000000,-99.000000,-99.000000,-1,1
68475,609771,1.160676,39928.231816,39928.348440,1, 0, 0, 1,7.166797,-3.016445,0.645653,-1,2
68475,609772,1.218613,39928.289753,39928.406377,1, 0, 0, 1,-8.331889,-0.845627,-15.842448,-1,2
68475,609773,1.243744,39928.314884,39928.431508,1, 0, 0, 1,-7.486233,2.960094,-7.621739,-1,2
68475,609774,1.475412,39928.546551,39928.663176,1, 0, 0, 1,7.131057,-1.538992,-9.388253,-1,2
68475,609775,1.816401,39928.887540,39929.004165,1, 0, 0, 1,3.250590,9.380829,15.283507,-1,2
68475,609776,1.999715,39929.070853,39929.187479,1, 0, 0, 1,-4.314383,-1.611181,-4.949092,-1,2
68475,609942,0.292209,39945.876178,39945.992837,1, 0, 0, 1,-3.660589,8.001164,-11.824975,-1,2
68475,609943,0.364220,39945.948189,39946.064848,0, 0, 0, 0,-99.000000,-99.000000,-99.000000,-1,1
68475,609944,0.434298,39946.018266,39946.134926,0, 0, 0, 0,-99.000000,-99.000000,-99.000000,-1,0
68475,609945,0.524405,39946.108373,39946.225032,1, 0, 0, 1,2.499045,-0.053270,7.058577,-1,2
68475,609946,0.528156,39946.112124,39946.228784,1, 0, 0, 1,-0.400271,-2.646039,19.037615,-1,2
68475,609947,0.575889,39946.159857,39946.276517,0, 0, 0, 0,-99.000000,-99.000000,-99.000000,-1,1
68475,609948,0.788557,39946.372525,39946.489185,1, 0, 0, 1,-0.381220,13.865957,-12.147227,-1,2
68475,609949,0.992704,39946.576671,39946.693331,1, 0, 0, 1,2.859598,-6.276295,-22.487803,-1,2
68475,609950,1.098479,39946.682445,39946.799106,1, 0, 0, 1,-1.177748,-4.921967,-13.232575,-1,2
68475,609951,1.148386,39946.732353,39946.849014,1, 0, 0, 1,-1.750153,0.810280,-18.374281,-1,2
68475,609952,1.628950,39947.212915,39947.329577,1, 0, 0, 1,1.845494,6.052558,6.581798,-1,2
68475,609953,1.632913,39947.216878,39947.333540,1, 0, 0, 1,3.557604,4.280318,4.975425,-1,2
68475,609954,1.825000,39947.408965,39947.525627,0, 0, 0, 0,-99.000000,-99.000000,-99.000000,-1,1
68475,609955,1.911255,39947.495220,39947.611883,0, 0, 0, 0,-99.000000,-99.000000,-99.000000,-1,1
68475,609956,1.967946,39947.551911,39947.668574,1, 0, 0, 1,0.748091,1.250434,12.173674,-1,2
68475,609957,1.968982,39947.552947,39947.669610,0, 0, 0, 0,-99.000000,-99.000000,-99.000000,-1,1
68475,610207,0.048267,39975.992618,39976.109337,1, 0, 0, 1,0.440596,-5.815835,19.717975,-1,2
68475,610208,0.215268,39976.159618,39976.276338,0, 0, 0, 0,-99.000000,-99.000000,-99.000000,-1,1
68475,610209,0.274102,39976.218452,39976.335172,0, 0, 0, 0,-99.000000,-99.000000,-99.000000,-1,0
68475,610210,0.348059,39976.292408,39976.409129,1, 0, 0, 1,-3.288892,7.584810,-2.008724,-1,2
68475,610211,0.414226,39976.358576,39976.475296,0, 0, 0, 0,-99.000000,-99.000000,-99.000000,-1,0
68475,610212,0.466995,39976.411345,39976.528065,1, 0, 0, 1,3.770371,5.610897,9.886811,-1,2
68475,610213,0.718963,39976.663312,39976.780033,1, 0, 0, 1,4.242816,4.715648,-9.529684,-1,2
68475,610214,0.757701,39976.702050,39976.818771,1, 0, 0, 1,2.371983,6.194623,-12.594582,-1,2
68475,610215,0.872840,39976.817189,39976.933910,1, 0, 0, 1,2.133438,0.241919,-7.695474,-1,2
68475,610216,1.019302,39976.963650,39977.080372,0, 0, 0, 0,-99.000000,-99.000000,-99.000000,-1,1
68475,610217,1.118777,39977.063125,39977.179847,1, 0, 0, 1,6.429565,-0.106706,-6.337756,-1,2
68475,610218,1.210084,39977.154432,39977.271154,1, 0, 0, 1,6.831882,2.193135,6.516081,-1,2
68475,610219,1.290874,39977.235222,39977.351944,1, 0, 0, 1,6.766757,-4.072927,-3.937229,-1,2
68475,610220,1.439890,39977.384238,39977.500960,1, 0, 0, 1,1.124667,-1.112250,-14.663153,-1,2
68475,610221,1.727182,39977.671529,39977.788252,1, 0, 0, 1,7.986303,0.633198,10.167245,-1,2
68475,610222,1.816553,39977.760900,39977.877622,0, 0, 0, 0,-99.000000,-99.000000,-99.000000,-1,1
68475,610223,1.866300,39977.810647,39977.927370,1, 0, 0, 1,5.074360,0.494676,-9.898469,-1,2
68475,610224,1.876125,39977.820472,39977.937195,0, 0, 0, 0,-99.000000,-99.000000,-99.000000,-1,1
68475,610267,0.030602,39982.100236,39982.216967,0, 0, 0, 0,-99.000000,-99.000000,-99.000000,-1,1
68475,610268,0.148729,39982.218362,39982.335094,0, 0, 0, 0,-99.000000,-99.000000,-99.000000,-1,1
68475,610269,0.154570,39982.224203,39982.340935,1, 0, 0, 1,1.494452,-4.031426,1.307052,-1,6
68475,610270,0.241445,39982.311078,39982.427810,0, 0, 0, 0,-99.000000,-99.000000,-99.000000,-1,0
68475,610271,0.321836,39982.391469,39982.508201,1, 0, 0, 1,0.665305,-0.015306,-12.206893,-1,2
68475,610272,0.347355,39982.416988,39982.533720,1, 0, 0, 1,5.629030,-1.520032,-6.240440,-1,2
68475,610273,0.410714,39982.480347,39982.597079,1, 0, 0, 1,-5.145062,3.468283,3.890167,-1,2
68475,610274,0.574652,39982.644284,39982.761017,1, 0, 0, 1,9.830109,2.139896,2.519582,-1,2
68475,610275,0.614075,39982.683707,39982.800440,1, 0, 0, 1,3.403477,-3.277528,7.662224,-1,2
68475,610276,0.849245,39982.918876,39983.035610,0, 0, 0, 0,-99.000000,-99.000000,-99.000000,-1,1
68475,610277,1.006835,39983.076467,39983.193200,1, 1, 0, 1,2.712301,0.551024,1.429806,-1,3
68475,610278,1.033877,39983.103508,39983.220242,1, 0, 0, 1,-2.493867,-2.112064,12.402235,-1,2
68475,610279,1.151349,39983.220980,39983.337714,1, 0, 0, 1,4.913786,-2.307916,2.124810,-1,4
68475,610280,1.224600,39983.294231,39983.410965,1, 0, 0, 1,2.366598,3.769047,-3.979104,-1,2
68475,610281,1.234948,39983.304579,39983.421313,1, 0, 0, 1,-2.345879,4.613700,-1.058452,-1,2
68475,610282,1.240806,39983.310437,39983.427171,1, 0, 0, 1,-8.716617,-3.767658,-4.906544,-1,2
68475,610283,1.451565,39983.521195,39983.637930,1, 0, 0, 1,7.487730,-0.750473,-21.677086,-1,2
68475,610284,1.792120,39983.861749,39983.978485,0, 0, 0, 0,-99.000000,-99.000000,-99.000000,-1,1
68475,610285,1.826074,39983.895704,39984.012439,1, 0, 0, 1,3.346151,6.842881,0.174714,-1,2
68475,610549,0.078839,40012.508854,40012.625646,1, 0, 0, 1,-1.533423,1.247754,11.684941,-1,2
68475,610550,0.118039,40012.548054,40012.664847,1, 0, 0, 1,6.959463,-3.791221,-15.171946,-1,2
68475,610551,0.494885,40012.924899,40013.041692,1, 0, 0, 1,3.769012,6.158223,10.218134,-1,2
68475,610552,0.515878,40012.945892,40013.062686,0, 0, 0, 0,-99.000000,-99.000000,-99.000000,-1,0
68475,610553,0.574510,40013.004524,40013.121318,0, 0, 0, 0,-99.000000,-99.000000,-99.000000,-1,1
68475,610554,0.627141,40013.057155,40013.173949,1, 0, 0, 1,-10.669946,-2.381922,2.982871,-1,2
68475,610555,0.735177,40013.165190,40013.281984,1, 0, 0, 1,-2.343608,4.268928,-19.063642,-1,2
68475,610556,0.748981,40013.178994,40013.295788,0, 0, 0, 0,-99.000000,-99.000000,-99.000000,-1,1
68475,610557,0.851616,40013.281629,40013.398423,1, 0, 0, 1,-7.265316,6.566921,-9.658531,-1,2
68475,610558,1.051889,40013.481902,40013.598696,0, 0, 0, 0,-99.000000,-99.000000,-99.000000,-1,1
68475,610559,1.217349,40013.647362,40013.764156,1, 0, 0, 1,-4.939196,-3.311358,-11.758636,-1,2
68475,610560,1.557439,40013.987451,40014.104246,0, 0, 0, 0,-99.000000,-99.000000,-99.000000,-1,1
68475,610561,1.565724,40013.995736,40014.112532,0, 0, 0, 0,-99.000000,-99.000000,-99.000000,-1,1
68475,610562,1.581776,40014.011788,40014.128583,0, 0, 0, 0,-99.000000,-99.000000,-99.000000,-1,0
68475,610563,1.667695,40014.097707,40014.214502,0, 0, 0, 0,-99.000000,-99.000000,-99.000000,-1,0
68475,610564,1.723060,40014.153071,40014.269867,0, 0, 0, 0,-99.000000,-99.000000,-99.000000,-1,0
68475,610565,1.997636,40014.427647,40014.544443,1, 0, 0, 1,-6.479047,4.744424,-6.014109,-1,2
68475,610566,1.997750,40014.427761,40014.544557,1, 0, 0, 1,-0.256106,0.381114,-8.974832,-1,2
68475,610730,0.028368,40030.977434,40031.094264,1, 0, 0, 1,-1.819555,-5.080304,-5.610025,-1,2
68475,610731,0.055030,40031.004096,40031.120926,0, 0, 0, 0,-99.000000,-99.000000,-99.000000,-1,0
68475,610732,0.067314,40031.016380,40031.133209,1, 0, 0, 1,0.971023,-7.429166,-15.524307,-1,2
68475,610733,0.205179,40031.154244,40031.271074,0, 0, 0, 0,-99.000000,-99.000000,-99.000000,-1,1
68475,610734,0.307481,40031.256547,40031.373377,1, 0, 0, 1,-2.745356,6.435870,-1.551625,-1,2
68475,610735,0.440456,40031.389521,40031.506351,1, 0, 0, 1,0.060585,-2.051741,-2.478227,-1,2
68475,610736,0.506476,40031.455541,40031.572371,0, 0, 0, 0,-99.000000,-99.000000,-99.000000,-1,1
68475,610737,0.531460,40031.480525,40031.597355,1, 0, 0, 1,4.599754,3.171619,-3.782865,-1,2
68475,610738,0.649988,40031.599053,40031.715883,0, 0, 0, 0,-99.000000,-99.000000,-99.000000,-1,1
68475,610739,0.650516,40031.599581,40031.716411,1, 0, 0, 1,0.827903,0.149216,17.478190,-1,2
68475,610740,0.957647,40031.906711,40032.023542,1, 0, 0, 1,0.803265,-10.447572,16.610905,-1,2
68475,610741,1.136558,40032.085622,40032.202453,1, 0, 0, 1,-4.004347,-0.353195,-11.105633,-1,2
68475,610742,1.359918,40032.308981,40032.425813,0, 0, 0, 0,-99.000000,-99.000000,-99.000000,-1,1
68475,610743,1.710472,40032.659534,40032.776367,1, 0, 0, 1,-1.317321,9.278268,-20.035031,-1,2
68475,610744,1.744306,40032.693368,40032.810201,0, 0, 0, 0,-99.000000,-99.000000,-99.000000,-1,0
68475,610745,1.923206,40032.872268,40032.989101,1, 0, 0, 1,-4.080262,5.741411,-14.040531,-1,2
68475,610746,1.988454,40032.937516,40033.054350,0, 0, 0, 0,-99.000000,-99.000000,-99.000000,-1,1
68475,611042,0.027145,40061.336592,40061.453482,0, 0, 0, 0,-99.000000,-99.000000,-99.000000,-1,0
68475,611043,0.037243,40061.346691,40061.463580,1, 0, 0, 1,-5.552869,-4.256659,7.769659,-1,2
68475,611044,0.299842,40061.609289,40061.726180,1, 0, 0, 1,8.303649,-0.534448,-17.052267,-1,2
68475,611045,0.321799,40061.631246,40061.748136,0, 0, 0, 0,-99.000000,-99.000000,-99.000000,-1,0
68475,611046,0.376384,40061.685831,40061.802721,1, 0, 0, 1,-4.040065,-0.974109,-1.497699,-1,3
68475,611047,0.408770,40061.718217,40061.835107,0, 0, 0, 0,-99.000000,-99.000000,-99.000000,-1,0
68475,611048,0.409182,40061.718629,40061.835519,0, 0, 0, 0,-99.000000,-99.000000,-99.000000,-1,1
68475,611049,0.496054,40061.805501,40061.922392,0, 0, 0, 0,-99.000000,-99.000000,-99.000000,-1,1
68475,611050,0.666164,40061.975611,40062.092502,1, 0, 0, 1,1.307758,-2.722376,14.711590,-1,2
68475,611051,0.676313,40061.985760,40062.102651,1, 0, 0, 1,-4.363404,3.225405,-2.605968,-1,3
68475,611052,0.851604,40062.161050,40062.277941,0, 0, 0, 0,-99.000000,-99.000000,-99.000000,-1,1
68475,611053,0.879659,40062.189105,40062.305996,0, 0, 0, 0,-99.000000,-99.000000,-99.000000,-1,1
68475,611054,1.057823,40062.367268,40062.484160,1, 0, 0, 1,-6.688464,-2.508459,-11.734856,-1,2
68475,611055,1.220025,40062.529471,40062.646363,0, 0, 0, 0,-99.000000,-99.000000,-99.000000,-1,0
68475,611056,1.414727,40062.724172,40062.841064,1, 0, 0, 1,-8.081367,-0.987371,-6.898442,-1,2
68475,611057,1.533755,40062.843200,40062.960093,1, 0, 0, 1,-1.607880,7.316537,-4.345116,-1,2
68475,611058,2.016520,40063.325964,40063.442857,1, 0, 0, 1,-3.552726,-7.938582,4.628639,-1,4
68475,611099,0.730123,40068.164756,40068.281659,1, 0, 0, 1,-1.574675,8.371117,9.318438,-1,2
68475,611100,0.793081,40068.227714,40068.344618,1, 0, 0, 1,8.189751,-7.893310,-16.090542,-1,2
68475,611101,0.818331,40068.252964,40068.369867,1, 0, 0, 1,1.697527,0.838721,-13.504179,-1,2
68475,611102,0.982000,40068.416633,40068.533537,1, 0, 0, 1,-5.075069,-1.115658,5.012592,-1,2
68475,611103,1.106107,40068.540739,40068.657643,0, 0, 0, 0,-99.000000,-99.000000,-99.000000,-1,1
68475,611104,1.188771,40068.623403,40068.740307,0, 0, 0, 0,-99.000000,-99.000000,-99.000000,-1,1
68475,611105,1.253151,40068.687783,40068.804687,1, 0, 0, 1,-3.224030,2.188186,-4.498252,-1,2
68475,611106,1.292416,40068.727048,40068.843953,0, 0, 0, 0,-99.000000,-99.000000,-99.000000,-1,0
68475,611107,1.306535,40068.741167,40068.858071,0, 0, 0, 0,-99.000000,-99.000000,-99.000000,-1,1
68475,611108,1.371968,40068.806600,40068.923505,0, 0, 0, 0,-99.000000,-99.000000,-99.000000,-1,0
68475,611109,1.614076,40069.048708,40069.165613,0, 0, 0, 0,-99.000000,-99.000000,-99.000000,-1,1
68475,611110,1.784097,40069.218728,40069.335633,1, 0, 0, 1,0.915642,-9.904914,17.857404,-1,2
68475,611111,1.861262,40069.295892,40069.412798,1, 0, 0, 1,-7.908693,-5.358628,-15.217446,-1,3
68475,611112,1.921395,40069.356025,40069.472931,1, 0, 0, 1,-6.463323,-0.461225,3.092190,-1,2
68475,611113,1.998692,40069.433322,40069.550228,1, 0, 0, 1,0.230153,4.399316,4.132924,-1,2
68475,611385,0.052276,40097.847292,40097.964254,0, 0, 0, 0,-99.000000,-99.000000,-99.000000,-1,0
68475,611386,0.324805,40098.119821,40098.236784,1, 0, 0, 1,0.036848,4.366301,-11.098334,-1,2
68475,611387,0.460790,40098.255806,40098.372769,0, 0, 0, 0,-99.000000,-99.000000,-99.000000,-1,1
68475,611388,0.475904,40098.270920,40098.387883,1, 0, 0, 1,2.844537,-0.945955,11.492909,-1,2
68475,611389,0.590027,40098.385042,40098.502005,0, 0, 0, 0,-99.000000,-99.000000,-99.000000,-1,0
68475,611390,0.638975,40098.433990,40098.550954,0, 0, 0, 0,-99.000000,-99.000000,-99.000000,-1,1
68475,611391,0.862733,40098.657747,40098.774711,1, 0, 0, 1,3.721406,3.590294,-6.317051,-1,2
68475,611392,1.105468,40098.900482,40099.017446,1, 0, 0, 1,7.845312,10.219848,8.088540,-1,2
68475,611393,1.108355,40098.903369,40099.020333,0, 0, 0, 0,-99.000000,-99.000000,-99.000000,-1,1
68475,611394,1.260868,40099.055881,40099.172846,0, 0, 0, 0,-99.000000,-99.000000,-99.000000,-1,1
68475,611395,1.457173,40099.252187,40099.369152,1, 0, 0, 1,8.233067,-3.334315,-2.612700,-1,2
68475,611396,1.537883,40099.332896,40099.449861,0, 0, 0, 0,-99.000000,-99.000000,-99.000000,-1,0
68475,611397,1.560129,40099.355142,40099.472107,0, 0, 0, 0,-99.000000,-99.000000,-99.000000,-1,1
68475,611398,1.593273,40099.388286,40099.505252,0, 0, 0, 0,-99.000000,-99.000000,-99.000000,-1,1
68475,611399,1.803576,40099.598589,40099.715555,1, 0, 0, 1,2.348323,-4.009808,17.250003,-1,2
68475,611400,1.930383,40099.725396,40099.842362,1, 0, 0, 1,1.190304,1.582723,-6.845131,-1,2
68475,611401,1.982591,40099.777603,40099.894570,0, 0, 0, 0,-99.000000,-99.000000,-99.000000,-1,1
68475,611548,0.040833,40116.343188,40116.460187,0, 0, 0, 0,-99.000000,-99.000000,-99.000000,-1,1
68475,611549,0.244887,40116.547242,40116.664241,0, 0, 0, 0,-99.000000,-99.000000,-99.000000,-1,1
68475,611550,0.247078,40116.549432,40116.666432,0, 0, 0, 0,-99.000000,-99.000000,-99.000000,-1,1
68475,611551,0.287901,40116.590255,40116.707255,1, 0, 0, 1,-4.617895,7.843247,9.543870,-1,2
68475,611552,0.335830,40116.638184,40116.755184,0, 0, 0, 0,-99.000000,-99.000000,-99.000000,-1,1
68475,611553,0.363514,40116.665868,40116.782868,1, 0, 0, 1,-1.013709,2.888690,-5.815050,-1,2
68475,611554,0.711110,40117.013464,40117.130464,1, 0, 0, 1,-3.890018,-6.507032,11.376619,-1,2
68475,611555,0.779116,40117.081470,40117.198470,1, 0, 0, 1,-0.722995,-1.460370,0.121492,-1,2
68475,611556,0.807038,40117.109392,40117.226392,1, 0, 0, 1,-5.922179,1.380863,-11.126114,-1,2
68475,611557,0.813613,40117.115966,40117.232967,1, 0, 0, 1,3.022367,-2.253546,0.404122,-1,2
68475,611558,0.939870,40117.242223,40117.359224,1, 0, 0, 1,-2.881538,-3.639318,0.125876,-1,2
68475,611559,0.956772,40117.259125,40117.376126,1, 0, 0, 1,2.879056,0.739114,-11.836187,-1,2
68475,611560,1.151788,40117.454140,40117.571142,1, 0, 0, 1,-1.888203,-8.791559,-15.658931,-1,2
68475,611561,1.274779,40117.577131,40117.694133,0, 0, 0, 0,-99.000000,-99.000000,-99.000000,-1,1
68475,611562,1.644804,40117.947156,40118.064158,1, 0, 0, 1,7.071023,-2.362805,-13.005353,-1,2
68475,611563,1.686245,40117.988596,40118.105599,1, 0, 0, 1,3.691932,0.644170,11.757863,-1,2
68475,611564,1.754154,40118.056505,40118.173508,1, 0, 0, 1,7.479365,-5.472401,20.376589,-1,2
68475,611565,1.843372,40118.145723,40118.262726,0, 0, 0, 0,-99.000000,-99.000000,-99.000000,-1,1
68475,611566,1.998791,40118.301142,40118.418145,1, 0, 0, 1,-2.754993,-2.155873,11.758661,-1,2
68475,611805,0.153776,40146.816512,40146.933572,1, 0, 0, 1,-1.357047,-1.290042,-11.174719,-1,2
68475,611806,0.165510,40146.828246,40146.945306,0, 0, 0, 0,-99.000000,-99.000000,-99.000000,-1,1
68475,611807,0.358300,40147.021036,40147.138096,1, 0, 0, 1,-3.870608,5.797878,-10.975372,-1,2
68475,611808,0.435408,40147.098143,40147.215204,1, 0, 0, 1,-2.494429,-3.225534,13.094753,-1,2
68475,611809,0.830776,40147.493511,40147.610573,0, 0, 0, 0,-99.000000,-99.000000,-99.000000,-1,1
68475,611810,0.922587,40147.585322,40147.702383,1, 0, 0, 1,3.067395,1.971409,-3.373404,-1,2
68475,611811,1.081326,40147.744061,40147.861122,0, 0, 0, 0,-99.000000,-99.000000,-99.000000,-1,1
68475,611812,1.167594,40147.830328,40147.947390,1, 0, 0, 1,5.499372,1.376587,7.470823,-1,2
68475,611813,1.177081,40147.839815,40147.956877,1, 0, 0, 1,7.443934,0.661443,15.959382,-1,2
68475,611814,1.353684,40148.016417,40148.133480,1, 0, 0, 1,6.589646,-5.537091,15.249785,-1,2
68475,611815,1.373385,40148.036119,40148.153182,0, 0, 0, 0,-99.000000,-99.000000,-99.000000,-1,1
68475,611816,1.693675,40148.356408,40148.473471,1, 0, 0, 1,3.562218,2.314425,11.588471,-1,2
68475,611817,1.727016,40148.389749,40148.506812,0, 0, 0, 0,-99.000000,-99.000000,-99.000000,-1,0
68475,611818,1.806369,40148.469102,40148.586165,0, 0, 0, 0,-99.000000,-99.000000,-99.000000,-1,1
68475,611819,1.861880,40148.524613,40148.641676,1, 0, 0, 1,-3.692724,7.129852,-12.518922,-1,2
68475,611855,0.261333,40153.049502,40153.166574,0, 0, 0, 0,-99.000000,-99.000000,-99.000000,-1,1
68475,611856,0.336557,40153.124725,40153.241798,1, 0, 0, 1,4.052865,-1.448809,1.195158,-1,2
68475,611857,0.395168,40153.183336,40153.300409,0, 0, 0, 0,-99.000000,-99.000000,-99.000000,-1,1
68475,611858,0.425492,40153.213660,40153.330733,0, 0, 0, 0,-99.000000,-99.000000,-99.000000,-1,1
68475,611859,0.540662,40153.328830,40153.445903,0, 0, 0, 0,-99.000000,-99.000000,-99.000000,-1,0
68475,611860,0.630944,40153.419112,40153.536185,1, 0, 0, 1,2.646329,1.344258,1.926701,-1,2
68475,611861,0.710091,40153.498259,40153.615332,1, 0, 0, 1,7.001895,-2.730920,-11.898940,-1,2
68475,611862,0.745192,40153.533359,40153.650433,1, 0, 0, 1,4.365309,-8.590508,-4.357787,-1,2
68475,611863,0.849640,40153.637807,40153.754881,0, 0, 0, 0,-99.000000,-99.000000,-99.000000,-1,1
68475,611864,1.070433,40153.858600,40153.975674,1, 0, 0, 1,-6.708369,7.964664,21.288751,-1,2
68475,611865,1.150816,40153.938983,40154.056057,0, 0, 0, 0,-99.000000,-99.000000,-99.000000,-1,1
68475,611866,1.499284,40154.287450,40154.404525,1, 0, 0, 1,-7.184201,2.709921,8.503706,-1,2
68475,611867,1.794534,40154.582700,40154.699775,0, 0, 0, 0,-99.000000,-99.000000,-99.000000,-1,1
68475,611868,1.826236,40154.614401,40154.731477,0, 0, 0, 0,-99.000000,-99.000000,-99.000000,-1,1
68475,611869,1.870135,40154.658301,40154.775376,0, 0, 0, 0,-99.000000,-99.000000,-99.000000,-1,1
68475,612142,0.125918,40183.274469,40183.391601,0, 0, 0, 0,-99.000000,-99.000000,-99.000000,-1,1
68475,612143,0.566882,40183.715431,40183.832565,1, 0, 0, 1,8.570547,5.223651,-8.770632,-1,2
68475,612144,0.635137,40183.783687,40183.900820,1, 0, 0, 1,4.484717,8.717727,-11.507705,-1,2
68475,612145,0.658656,40183.807206,40183.924339,1, 0, 0, 1,-2.447035,7.777570,-14.283027,-1,2
68475,612146,0.675111,40183.823661,40183.940794,0, 0, 0, 0,-99.000000,-99.000000,-99.000000,-1,1
68475,612147,0.812198,40183.960747,40184.077881,1, 0, 0, 1,1.378503,6.221159,4.964674,-1,2
68475,612148,0.931156,40184.079705,40184.196839,1, 0, 0, 1,-0.301098,-1.332234,-6.150536,-1,2
68475,612149,0.935541,40184.084090,40184.201225,1, 0, 0, 1,-4.814753,-2.363541,1.713048,-1,2
68475,612150,0.943342,40184.091891,40184.209025,1, 0, 0, 1,3.241487,3.864554,-13.665433,-1,2
68475,612151,1.168617,40184.317166,40184.434300,1, 0, 0, 1,-1.577379,5.339446,4.253681,-1,2
68475,612152,1.185614,40184.334163,40184.451297,0, 0, 0, 0,-99.000000,-99.000000,-99.000000,-1,1
68475,612153,1.486571,40184.635119,40184.752254,1, 0, 0, 1,-5.217219,5.814675,-4.189850,-1,2
68475,612154,1.534051,40184.682599,40184.799734,1, 0, 0, 1,-4.321315,-1.457930,2.375230,-1,2
68475,612155,1.567673,40184.716220,40184.833356,1, 0, 0, 1,4.425380,3.232630,-0.396486,-1,2
68475,612156,1.636462,40184.785010,40184.902146,0, 0, 0, 0,-99.000000,-99.000000,-99.000000,-1,0
68475,612157,1.764258,40184.912805,40185.029941,1, 0, 0, 1,4.214055,-1.752513,5.687747,-1,2
68475,612158,1.767113,40184.915660,40185.032796,0, 0, 0, 0,-99.000000,-99.000000,-99.000000,-1,1
68475,612159,1.784700,40184.933248,40185.050384,1, 0, 0, 1,4.019665,3.642434,-11.432329,-1,2
68475,612160,1.840943,40184.989491,40185.106627,1, 0, 0, 1,0.527484,1.592401,5.351004,-1,2
68475,612161,1.927648,40185.076195,40185.193332,0, 0, 0, 0,-99.000000,-99.000000,-99.000000,-1,1
68475,612329,0.111570,40201.763628,40201.880798,1, 0, 0, 1,-6.733194,-0.338839,4.728883,-1,2
68475,612330,0.166566,40201.818625,40201.935794,1, 0, 0, 1,8.879761,0.830138,-12.863344,-1,2
68475,612331,0.238267,40201.890325,40202.007495,1, 0, 0, 1,6.935846,-1.781649,24.247892,-1,2
68475,612332,0.258429,40201.910487,40202.027656,0, 0, 0, 0,-99.000000,-99.000000,-99.000000,-1,1
68475,612333,0.331319,40201.983377,40202.100546,1, 0, 0, 1,-4.972823,0.920825,10.951309,-1,2
68475,612334,0.448209,40202.100267,40202.217437,1, 0, 0, 1,-0.002514,-6.585905,-5.582512,-1,2
68475,612335,0.760525,40202.412582,40202.529752,1, 0, 0, 1,5.682503,-1.366324,3.683990,-1,2
68475,612336,0.796802,40202.448859,40202.566029,0, 0, 0, 0,-99.000000,-99.000000,-99.000000,-1,1
68475,612337,1.051994,40202.704050,40202.821221,1, 0, 0, 1,-2.964377,10.994051,16.220499,-1,2
68475,612338,1.452408,40203.104464,40203.221636,0, 0, 0, 0,-99.000000,-99.000000,-99.000000,-1,0
68475,612339,1.504730,40203.156785,40203.273957,1, 0, 0, 1,7.978487,-1.813444,9.599324,-1,2
68475,612340,1.546480,40203.198536,40203.315708,0, 0, 0, 0,-99.000000,-99.000000,-99.000000,-1,0
68475,612341,1.692631,40203.344686,40203.461858,1, 0, 0, 1,-3.332349,7.393077,-6.434467,-1,2
68475,612342,1.777427,40203.429482,40203.546655,0, 0, 0, 0,-99.000000,-99.000000,-99.000000,-1,1
68475,612343,1.916077,40203.568132,40203.685305,0, 0, 0, 0,-99.000000,-99.000000,-99.000000,-1,1
68475,612614,0.207735,40232.220175,40232.337405,1, 0, 0, 1,1.466009,9.999981,-2.246960,-1,4
68475,612615,0.289396,40232.301836,40232.419066,1, 0, 0, 1,0.658718,5.189812,-1.794449,-1,2
68475,612616,0.371539,40232.383978,40232.501209,1, 0, 0, 1,2.063964,4.798293,2.358125,-1,2
68475,612617,0.482375,40232.494815,40232.612045,1, 0, 0, 1,-1.217034,0.878452,-7.286399,-1,2
68475,612618,0.520916,40232.533356,40232.650586,0, 0, 0, 0,-99.000000,-99.000000,-99.000000,-1,1
68475,612619,0.535273,40232.547712,40232.664942,1, 0, 0, 1,7.389046,11.925877,0.571989,-1,2
68475,612620,0.563824,40232.576263,40232.693493,1, 0, 0, 1,-4.435909,0.475658,-9.248463,-1,5
68475,612621,0.597470,40232.609909,40232.727140,0, 0, 0, 0,-99.000000,-99.000000,-99.000000,-1,1
68475,612622,0.610319,40232.622758,40232.739989,1, 0, 0, 1,-5.460932,5.425260,4.809278,-1,2
68475,612623,0.891422,40232.903861,40233.021092,1, 0, 0, 1,9.939545,9.186643,-15.283775,-1,4
68475,612624,0.941036,40232.953475,40233.070706,1, 0, 0, 1,7.557987,5.110059,-13.978682,-1,2
68475,612625,1.122981,40233.135419,40233.252651,1, 0, 0, 1,7.436623,0.489081,-18.961372,-1,2
68475,612626,1.208885,40233.221323,40233.338555,0, 0, 0, 0,-99.000000,-99.000000,-99.000000,-1,0
68475,612627,1.227804,40233.240242,40233.357474,0, 0, 0, 0,-99.000000,-99.000000,-99.000000,-1,1
68475,612628,1.272965,40233.285403,40233.402635,0, 0, 0, 0,-99.000000,-99.000000,-99.000000,-1,1
68475,612629,1.432375,40233.444812,40233.562044,1, 0, 0, 1,-3.045349,-4.597097,21.013863,-1,2
68475,612630,1.499142,40233.511579,40233.628812,0, 0, 0, 0,-99.000000,-99.000000,-99.000000,-1,1
68475,612631,1.589165,40233.601603,40233.718835,1, 0, 0, 1,-6.165272,1.291633,10.905246,-1,2
68475,612632,1.595100,40233.607537,40233.724769,0, 0, 0, 0,-99.000000,-99.000000,-99.000000,-1,1
68475,612633,1.626679,40233.639116,40233.756349,1, 0, 0, 1,6.241733,0.025295,6.189435,-1,2
68475,612634,1.643073,40233.655510,40233.772743,0, 0, 0, 0,-99.000000,-99.000000,-99.000000,-1,1
68475,612635,1.716057,40233.728494,40233.845727,1, 0, 0, 1,-0.367286,2.127776,-12.501515,-1,2
68475,612636,1.765996,40233.778433,40233.895666,1, 0, 0, 1,-7.304021,-0.363205,-18.957082,-1,2
68475,612637,1.962382,40233.974819,40234.092052,1, 0, 0, 1,6.245729,-0.789995,-4.685724,-1,2
68475,612687,0.154735,40238.292556,40238.409798,1, 0, 0, 1,7.548806,-1.510238,-11.815348,-1,2
68475,612688,0.160835,40238.298656,40238.415898,1, 0, 0, 1,0.545660,-1.326769,-16.943319,-1,2
68475,612689,0.309800,40238.447621,40238.564863,0, 0, 0, 0,-99.000000,-99.000000,-99.000000,-1,0
68475,612690,0.337461,40238.475282,40238.592524,0, 0, 0, 0,-99.000000,-99.000000,-99.000000,-1,0
68475,612691,0.370406,40238.508227,40238.625469,1, 0, 0, 1,9.566427,5.803704,15.960605,-1,3
68475,612692,0.397308,40238.535129,40238.652371,1, 0, 0, 1,-4.647879,-5.238921,-4.482225,-1,2
68475,612693,0.435824,40238.573645,40238.690887,1, 0, 0, 1,6.130803,0.027278,7.192074,-1,2
68475,612694,0.459747,40238.597567,40238.714810,1, 0, 0, 1,-5.530530,-4.881893,10.087451,-1,2
68475,612695,0.527446,40238.665266,40238.782509,1, 0, 0, 1,-5.234699,4.403235,-11.900688,-1,2
68475,612696,0.556498,40238.694319,40238.811561,1, 0, 0, 1,4.375440,3.403812,19.976432,-1,2
68475,612697,0.599989,40238.737809,40238.855052,0, 0, 0, 0,-99.000000,-99.000000,-99.000000,-1,1
68475,612698,0.766260,40238.904080,40239.021323,1, 0, 0, 1,14.597178,-2.831303,-4.177347,-1,2
68475,612699,0.794547,40238.932366,40239.049610,1, 0, 0, 1,4.072252,-6.142490,19.103521,-1,2
68475,612700,0.808451,40238.946271,40239.063514,1, 0, 0, 1,4.221395,0.737270,-22.537450,-1,2
68475,612701,0.888656,40239.026476,40239.143719,1, 0, 0, 1,-1.261607,3.723925,-6.919748,-1,2
68475,612702,0.945999,40239.083819,40239.201062,1, 0, 0, 1,-4.850053,0.769165,1.644965,-1,2
68475,612703,1.221662,40239.359481,40239.476725,0, 0, 0, 0,-99.000000,-99.000000,-99.000000,-1,0
68475,612704,1.294495,40239.432314,40239.549558,0, 0, 0, 0,-99.000000,-99.000000,-99.000000,-1,1
68475,612705,1.332761,40239.470580,40239.587824,1, 0, 0, 1,-3.569009,2.180121,-5.850994,-1,2
68475,612706,1.405335,40239.543154,40239.660398,0, 0, 0, 0,-99.000000,-99.000000,-99.000000,-1,0
68475,612707,1.454056,40239.591874,40239.709119,1, 0, 0, 1,-0.157728,1.541819,-6.645790,-1,2
68475,612708,1.534768,40239.672586,40239.789831,1, 0, 0, 1,5.141735,0.324431,18.296139,-1,2
68475,612709,1.547708,40239.685527,40239.802771,1, 0, 0, 1,-4.373495,-3.073636,17.309615,-1,2
68475,612710,1.573070,40239.710888,40239.828133,0, 0, 0, 0,-99.000000,-99.000000,-99.000000,-1,1
68475,612711,1.673551,40239.811369,40239.928614,1, 0, 0, 1,1.550518,4.015656,-3.759284,-1,2
68475,612712,1.830142,40239.967960,40240.085205,0, 0, 0, 0,-99.000000,-99.000000,-99.000000,-1,1
68475,612713,1.843780,40239.981598,40240.098843,1, 0, 0, 1,-1.245576,-6.075611,2.754435,-1,2
68475,613002,0.158243,40268.656446,40268.773749,1, 0, 0, 1,-7.485673,2.521684,-22.521537,-1,2
68475,613003,0.230964,40268.729167,40268.846469,0, 0, 0, 0,-99.000000,-99.000000,-99.000000,-1,0
68475,613004,0.459097,40268.957299,40269.074602,1, 0, 0, 1,11.026790,-10.282166,13.974449,-1,2
68475,613005,0.536930,40269.035132,40269.152435,1, 0, 0, 1,-1.940579,-2.245826,3.107998,-1,2
68475,613006,0.659784,40269.157986,40269.275289,1, 0, 0, 1,5.797989,-4.354485,-20.064579,-1,2
68475,613007,0.836147,40269.334349,40269.451653,1, 0, 0, 1,-2.680196,2.079109,7.427743,-1,2
68475,613008,0.952922,40269.451123,40269.568427,1, 0, 0, 1,3.210873,7.708486,-15.309827,-1,2
68475,613009,1.024620,40269.522821,40269.640125,1, 0, 0, 1,-4.422377,-1.597038,7.159273,-1,2
68475,613010,1.050613,40269.548815,40269.666119,1, 0, 0, 1,6.234311,-10.262158,-10.468544,-1,2
68475,613011,1.093434,40269.591635,40269.708939,1, 0, 0, 1,2.577540,3.009311,1.503629,-1,4
68475,613012,1.235982,40269.734183,40269.851487,0, 0, 0, 0,-99.000000,-99.000000,-99.000000,-1,1
68475,613013,1.244847,40269.743048,40269.860352,0, 0, 0, 0,-99.000000,-99.000000,-99.000000,-1,1
68475,613014,1.280828,40269.779029,40269.896334,0, 0, 0, 0,-99.000000,-99.000000,-99.000000,-1,0
68475,613015,1.328428,40269.826628,40269.943933,1, 0, 0, 1,4.484262,-4.876635,-13.389005,-1,2
68475,613016,1.487729,40269.985929,40270.103234,1, 0, 0, 1,-5.162177,7.913088,12.681298,-1,2
68475,613017,1.966593,40270.464793,40270.582099,1, 0, 0, 1,2.701830,-1.031384,12.084931,-1,2
68475,613169,0.149358,40287.167968,40287.285307,1, 0, 0, 1,-7.644623,1.446319,-8.941200,-1,2
68475,613170,0.428494,40287.447104,40287.564443,0, 0, 0, 0,-99.000000,-99.000000,-99.000000,-1,0
68475,613171,0.538661,40287.557271,40287.674610,1, 1, 0, 1,0.226277,2.290650,4.615319,-1,2
68475,613172,0.621496,40287.640105,40287.757445,0, 0, 0, 0,-99.000000,-99.000000,-99.000000,-1,1
68475,613173,0.768232,40287.786841,40287.904181,0, 0, 0, 0,-99.000000,-99.000000,-99.000000,-1,1
68475,613174,0.904183,40287.922792,40288.040132,1, 0, 0, 1,-0.493912,5.094650,-8.558274,-1,2
68475,613175,0.960846,40287.979455,40288.096796,0, 0, 0, 0,-99.000000,-99.000000,-99.000000,-1,1
68475,613176,1.016886,40288.035495,40288.152836,1, 0, 0, 1,8.164848,0.529418,7.319658,-1,2
68475,613177,1.430023,40288.448631,40288.565973,1, 0, 0, 1,1.482880,1.431614,17.587404,-1,2
68475,613178,1.515497,40288.534105,40288.651446,1, 0, 0, 1,2.115856,-6.078380,-11.396479,-1,2
68475,613179,1.564924,40288.583531,40288.700873,0, 0, 0, 0,-99.000000,-99.000000,-99.000000,-1,1
68475,613180,1.592824,40288.611431,40288.728773,0, 0, 0, 0,-99.000000,-99.000000,-99.000000,-1,0
68475,613181,1.641715,40288.660323,40288.777665,1, 0, 0, 1,8.899245,-1.467818,10.552988,-1,2
68475,613182,1.650568,40288.669176,40288.786518,1, 0, 0, 1,-1.162709,-9.999981,16.180879,-1,4
68475,613183,1.694255,40288.712863,40288.830205,1, 0, 0, 1,0.348772,1.227117,6.088633,-1,2
68475,613184,1.725597,40288.744205,40288.861547,0, 0, 0, 0,-99.000000,-99.000000,-99.000000,-1,1
68475,613185,1.823502,40288.842109,40288.959451,0, 0, 0, 0,-99.000000,-99.000000,-99.000000,-1,1
68475,613186,1.965318,40288.983924,40289.101267,0, 0, 0, 0,-99.000000,-99.000000,-99.000000,-1,1
68475,613187,1.991941,40289.010548,40289.127891,1, 0, 0, 1,-5.166666,3.430562,6.688986,-1,2
68475,613484,0.132725,40317.511718,40317.629117,1, 0, 0, 1,3.019347,-7.420117,7.003777,-1,2
68475,613485,0.647619,40318.026611,40318.144011,1, 0, 0, 1,-2.125946,-1.002901,-8.103218,-1,2
68475,613486,0.676389,40318.055380,40318.172780,0, 0, 0, 0,-99.000000,-99.000000,-99.000000,-1,0
68475,613487,0.686755,40318.065746,40318.183146,0, 0, 0, 0,-99.000000,-99.000000,-99.000000,-1,1
68475,613488,0.859179,40318.238170,40318.355571,0, 0, 0, 0,-99.000000,-99.000000,-99.000000,-1,1
68475,613489,0.890960,40318.269951,40318.387352,0, 0, 0, 0,-99.000000,-99.000000,-99.000000,-1,1
68475,613490,1.001477,40318.380467,40318.497868,1, 0, 0, 1,2.214605,4.411035,-17.268306,-1,2
68475,613491,1.041260,40318.420250,40318.537652,0, 0, 0, 0,-99.000000,-99.000000,-99.000000,-1,0
68475,613492,1.160068,40318.539058,40318.656459,0, 0, 0, 0,-99.000000,-99.000000,-99.000000,-1,1
68475,613493,1.202253,40318.581243,40318.698644,0, 0, 0, 0,-99.000000,-99.000000,-99.000000,-1,1
68475,613494,1.430511,40318.809500,40318.926902,0, 0, 0, 0,-99.000000,-99.000000,-99.000000,-1,1
68475,613495,1.679473,40319.058462,40319.175864,0, 0, 0, 0,-99.000000,-99.000000,-99.000000,-1,1
68475,613496,1.783772,40319.162761,40319.280164,0, 0, 0, 0,-99.000000,-99.000000,-99.000000,-1,0
68475,613497,1.865179,40319.244168,40319.361571,1, 0, 0, 1,-2.415159,-5.110885,-4.726752,-1,2
68475,613498,1.888681,40319.267670,40319.385073,1, 0, 0, 1,-3.984638,6.915943,-18.337575,-1,2
68475,613499,1.896004,40319.274992,40319.392395,1, 0, 0, 1,-0.085607,0.309607,8.010758,-1,2
68475,613500,2.018386,40319.397374,40319.514777,0, 0, 0, 0,-99.000000,-99.000000,-99.000000,-1,0
68475,613535,0.175106,40323.679334,40323.796746,1, 0, 0, 1,-10.066950,-5.480049,0.100978,-1,2
68475,613536,0.567085,40324.071312,40324.188725,0, 0, 0, 0,-99.000000,-99.000000,-99.000000,-1,1
68475,613537,0.708405,40324.212633,40324.330045,0, 0, 0, 0,-99.000000,-99.000000,-99.000000,-1,1
68475,613538,0.710872,40324.215099,40324.332512,0, 0, 0, 0,-99.000000,-99.000000,-99.000000,-1,1
68475,613539,0.895836,40324.400062,40324.517476,1, 0, 0, 1,-5.529763,0.098186,-2.534191,-1,2
68475,613540,1.096460,40324.600686,40324.718099,0, 0, 0, 0,-99.000000,-99.000000,-99.000000,-1,0
68475,613541,1.191999,40324.696225,40324.813639,0, 0, 0, 0,-99.000000,-99.000000,-99.000000,-1,0
68475,613542,1.217079,40324.721305,40324.838719,0, 0, 0, 0,-99.000000,-99.000000,-99.000000,-1,1
68475,613543,1.414413,40324.918638,40325.036053,1, 0, 0, 1,-0.603477,2.768699,1.600902,-1,2
68475,613544,1.470045,40324.974270,40325.091685,0, 0, 0, 0,-99.000000,-99.000000,-99.000000,-1,1
68475,613545,1.534929,40325.039154,40325.156569,0, 0, 0, 0,-99.000000,-99.000000,-99.000000,-1,0
68475,613546,1.672140,40325.176366,40325.293780,0, 0, 0, 0,-99.000000,-99.000000,-99.000000,-1,1
68475,613547,1.750147,40325.254372,40325.371787,0, 0, 0, 0,-99.000000,-99.000000,-99.000000,-1,1
68475,613548,1.871673,40325.375898,40325.493313,0, 0, 0, 0,-99.000000,-99.000000,-99.000000,-1,1
68475,613549,1.905800,40325.410025,40325.527440,0, 0, 0, 0,-99.000000,-99.000000,-99.000000,-1,1
68475,613550,1.998239,40325.502463,40325.619879,0, 0, 0, 0,-99.000000,-99.000000,-99.000000,-1,0
68475,613551,2.009159,40325.513384,40325.630799,1, 0, 0, 1,2.706290,-0.144494,-3.401983,-1,2
68475,613804,0.156307,40354.020916,40354.138389,1, 0, 0, 1,0.970471,-7.898747,-19.625905,-1,2
68475,613805,0.368544,40354.233153,40354.350626,0, 0, 0, 0,-99.000000,-99.000000,-99.000000,-1,0
68475,613806,0.496757,40354.361366,40354.478839,1, 0, 0, 1,1.307270,-6.459435,5.723149,-1,2
68475,613807,0.556514,40354.421123,40354.538596,0, 0, 0, 0,-99.000000,-99.000000,-99.000000,-1,0
68475,613808,0.780105,40354.644714,40354.762187,1, 0, 0, 1,-0.210678,2.337300,-8.834734,-1,2
68475,613809,0.806425,40354.671034,40354.788507,0, 0, 0, 0,-99.000000,-99.000000,-99.000000,-1,1
68475,613810,0.893588,40354.758196,40354.875670,1, 0, 0, 1,-0.911580,-5.152177,-9.607344,-1,2
68475,613811,1.162649,40355.027257,40355.144731,1, 0, 0, 1,-2.089254,3.935993,-8.079780,-1,2
68475,613812,1.172268,40355.036875,40355.154350,1, 0, 0, 1,3.981368,2.438075,13.313741,-1,2
68475,613813,1.189214,40355.053822,40355.171296,0, 0, 0, 0,-99.000000,-99.000000,-99.000000,-1,1
68475,613814,1.323001,40355.187608,40355.305083,1, 0, 0, 1,-4.013664,5.466796,-6.524936,-1,2
68475,613815,1.338331,40355.202939,40355.320414,1, 0, 0, 1,1.765063,-4.208473,1.895306,-1,2
68475,613816,1.418052,40355.282659,40355.400134,1, 0, 0, 1,8.039792,2.505579,-18.127449,-1,2
68475,613817,1.764712,40355.629318,40355.746794,0, 0, 0, 0,-99.000000,-99.000000,-99.000000,-1,1
68475,613818,1.815223,40355.679829,40355.797305,0, 0, 0, 0,-99.000000,-99.000000,-99.000000,-1,0
68475,613819,1.832840,40355.697447,40355.814922,0, 0, 0, 0,-99.000000,-99.000000,-99.000000,-1,1
68475,613972,0.254706,40372.600963,40372.718472,0, 0, 0, 0,-99.000000,-99.000000,-99.000000,-1,1
68475,613973,0.629086,40372.975342,40373.092852,0, 0, 0, 0,-99.000000,-99.000000,-99.000000,-1,1
68475,613974,0.906238,40373.252494,40373.370004,1, 0, 0, 1,6.855304,-2.436650,-4.624739,-1,10
68475,613975,1.027030,40373.373285,40373.490796,0, 0, 0, 0,-99.000000,-99.000000,-99.000000,-1,1
68475,613976,1.219083,40373.565337,40373.682849,1, 0, 0, 1,-1.011224,7.264858,-16.852666,-1,2
68475,613977,1.304025,40373.650280,40373.767791,1, 0, 0, 1,4.379884,-1.267414,-6.715789,-1,2
68475,613978,1.429890,40373.776145,40373.893656,1, 0, 0, 1,4.558799,-6.040942,16.556758,-1,2
68475,613979,1.436962,40373.783217,40373.900728,1, 0, 0, 1,0.037272,0.491578,13.212976,-1,2
68475,613980,1.569548,40373.915802,40374.033314,1, 0, 0, 1,-2.994940,-8.045466,10.285460,-1,2
68475,613981,1.668274,40374.014528,40374.132040,0, 0, 0, 0,-99.000000,-99.000000,-99.000000,-1,1
68475,613982,1.686276,40374.032530,40374.150042,0, 0, 0, 0,-99.000000,-99.000000,-99.000000,-1,0
68475,613983,1.744018,40374.090272,40374.207785,0, 0, 0, 0,-99.000000,-99.000000,-99.000000,-1,1
68475,613984,1.767418,40374.113671,40374.231184,1, 0, 0, 1,4.738520,-2.611703,16.017178,-1,2
68475,613985,1.778164,40374.124418,40374.241930,1, 0, 0, 1,-5.643793,6.743535,4.559475,-1,2
68475,613986,1.841318,40374.187572,40374.305085,0, 0, 0, 0,-99.000000,-99.000000,-99.000000,-1,1
68475,613987,1.973396,40374.319649,40374.437162,1, 0, 0, 1,6.860467,-9.622642,-15.213319,-1,2
68475,614240,0.036340,40402.742979,40402.860548,0, 0, 0, 0,-99.000000,-99.000000,-99.000000,-1,0
68475,614241,0.092043,40402.798682,40402.916251,1, 0, 0, 1,-5.572913,-1.019873,-5.088271,-1,2
68475,614242,0.221734,40402.928372,40403.045942,1, 0, 0, 1,9.349293,-4.421557,-11.908493,-1,2
68475,614243,0.284265,40402.990903,40403.108473,1, 0, 0, 1,-0.283833,-0.881757,3.945266,-1,2
68475,614244,0.360349,40403.066988,40403.184558,1, 0, 0, 1,-7.306660,-3.737271,11.657518,-1,2
68475,614245,0.421672,40403.128310,40403.245880,0, 0, 0, 0,-99.000000,-99.000000,-99.000000,-1,1
68475,614246,0.496519,40403.203157,40403.320727,1, 0, 0, 1,0.423057,10.454098,5.411800,-1,2
68475,614247,0.572491,40403.279129,40403.396699,1, 0, 0, 1,-5.295587,-1.206136,-6.692736,-1,2
68475,614248,0.591562,40403.298200,40403.415771,1, 0, 0, 1,6.728068,-0.368314,15.717335,-1,2
68475,614249,0.914299,40403.620936,40403.738507,0, 0, 0, 0,-99.000000,-99.000000,-99.000000,-1,1
68475,614250,0.924439,40403.631076,40403.748647,1, 0, 0, 1,-6.887456,5.642547,20.548186,-1,2
68475,614251,0.942092,40403.648729,40403.766300,0, 0, 0, 0,-99.000000,-99.000000,-99.000000,-1,1
68475,614252,1.295422,40404.002058,40404.119630,0, 0, 0, 0,-99.000000,-99.000000,-99.000000,-1,0
68475,614253,1.386092,40404.092728,40404.210301,0, 0, 0, 0,-99.000000,-99.000000,-99.000000,-1,1
68475,614254,1.406175,40404.112811,40404.230383,0, 0, 0, 0,-99.000000,-99.000000,-99.000000,-1,0
68475,614255,1.455887,40404.162523,40404.280096,1, 0, 0, 1,5.743527,-3.118698,-15.281744,-1,2
68475,614256,1.582573,40404.289209,40404.406782,1, 0, 0, 1,-8.042706,-1.035558,12.917698,-1,2
68475,614257,1.582826,40404.289462,40404.407034,1, 0, 0, 1,-0.808348,6.401575,-12.627793,-1,2
68475,614258,1.681491,40404.388127,40404.505700,0, 0, 0, 0,-99.000000,-99.000000,-99.000000,-1,0
68475,614259,1.912005,40404.618640,40404.736213,1, 0, 0, 1,4.396404,0.968474,-17.038959,-1,2
68475,614260,1.944186,40404.650821,40404.768394,1, 0, 0, 1,-4.884977,-3.246592,15.910430,-1,2
68475,614261,1.962453,40404.669088,40404.786661,1, 0, 0, 1,-0.767464,8.581690,8.069202,-1,2
68475,614262,1.989750,40404.696385,40404.813958,1, 0, 0, 1,-4.697540,-1.695731,0.997791,-1,2
68475,614293,0.141673,40408.973501,40409.091083,1, 0, 0, 1,-1.098351,-0.715444,-13.003516,-1,2
68475,614294,0.224044,40409.055872,40409.173454,0, 0, 0, 0,-99.000000,-99.000000,-99.000000,-1,0
68475,614295,0.342178,40409.174006,40409.291588,1, 0, 0, 1,1.384569,-6.749694,14.822734,-1,2
68475,614296,0.490674,40409.322501,40409.440084,1, 0, 0, 1,2.663673,8.869037,7.737194,-1,2
68475,614297,0.531214,40409.363042,40409.480624,0, 0, 0, 0,-99.000000,-99.000000,-99.000000,-1,1
68475,614298,0.591366,40409.423194,40409.540777,0, 0, 0, 0,-99.000000,-99.000000,-99.000000,-1,1
68475,614299,0.604234,40409.436061,40409.553644,1, 0, 0, 1,9.989915,-7.551156,10.351405,-1,2
68475,614300,0.873175,40409.705002,40409.822585,0, 0, 0, 0,-99.000000,-99.000000,-99.000000,-1,1
68475,614301,0.912045,40409.743872,40409.861456,0, 0, 0, 0,-99.000000,-99.000000,-99.000000,-1,0
68475,614302,1.012527,40409.844354,40409.961937,1, 0, 0, 1,0.791517,-5.212097,-1.388543,-1,2
68475,614303,1.033007,40409.864834,40409.982417,1, 0, 0, 1,5.111290,1.217099,-17.714465,-1,2
68475,614304,1.061023,40409.892850,40410.010434,1, 0, 0, 1,-6.464319,-1.780266,-12.270175,-1,2
68475,614305,1.187099,40410.018925,40410.136510,1, 0, 0, 1,-2.752812,-4.136914,-2.919579,-1,2
68475,614306,1.231452,40410.063278,40410.180862,1, 0, 0, 1,-1.495986,7.155935,-13.353636,-1,2
68475,614307,1.238700,40410.070526,40410.188110,1, 0, 0, 1,-5.936958,7.432652,-0.717865,-1,2
68475,614308,1.348106,40410.179932,40410.297516,1, 0, 0, 1,2.549714,-1.594045,16.818251,-1,2
68475,614309,1.403612,40410.235437,40410.353022,0, 0, 0, 0,-99.000000,-99.000000,-99.000000,-1,1
68475,614310,1.404813,40410.236639,40410.354223,1, 0, 0, 1,1.181981,8.300399,18.877769,-1,2
68475,614311,1.461528,40410.293353,40410.410938,1, 0, 0, 1,1.173946,7.164550,-15.269956,-1,2
68475,614312,1.584073,40410.415899,40410.533484,0, 0, 0, 0,-99.000000,-99.000000,-99.000000,-1,1
68475,614313,1.693464,40410.525289,40410.642874,1, 0, 0, 1,-1.741780,4.361139,18.017863,-1,2
68475,614314,1.703793,40410.535619,40410.653204,1, 0, 0, 1,0.800796,3.582686,8.478939,-1,2
68475,614315,1.711332,40410.543157,40410.660742,1, 0, 0, 1,-4.143898,2.410097,13.310203,-1,2
68475,614316,1.804222,40410.636047,40410.753632,0, 0, 0, 0,-99.000000,-99.000000,-99.000000,-1,1
68475,614317,1.902198,40410.734023,40410.851609,0, 0, 0, 0,-99.000000,-99.000000,-99.000000,-1,1
68475,614318,1.905377,40410.737202,40410.854788,1, 0, 0, 1,6.977688,-3.617689,-9.635699,-1,2
68475,614319,1.934356,40410.766181,40410.883766,0, 0, 0, 0,-99.000000,-99.000000,-99.000000,-1,1
68475,614593,0.080647,40439.272858,40439.390500,1, 0, 0, 1,1.351068,-7.487200,16.528446,-1,2
68475,614594,0.109176,40439.301386,40439.419028,0, 0, 0, 0,-99.000000,-99.000000,-99.000000,-1,1
68475,614595,0.276062,40439.468272,40439.585915,1, 0, 0, 1,0.388547,5.500633,13.476573,-1,2
68475,614596,0.294284,40439.486494,40439.604136,1, 0, 0, 1,8.062385,-3.021676,-1.291354,-1,2
68475,614597,0.305383,40439.497592,40439.615235,0, 0, 0, 0,-99.000000,-99.000000,-99.000000,-1,1
68475,614598,0.379744,40439.571954,40439.689597,0, 0, 0, 0,-99.000000,-99.000000,-99.000000,-1,0
68475,614599,0.532933,40439.725142,40439.842785,0, 0, 0, 0,-99.000000,-99.000000,-99.000000,-1,0
68475,614600,0.647977,40439.840186,40439.957829,1, 0, 0, 1,0.257623,5.653599,-18.991237,-1,2
68475,614601,0.784926,40439.977135,40440.094779,1, 0, 0, 1,5.198159,-3.937616,-18.787474,-1,2
68475,614602,1.016978,40440.209186,40440.326831,1, 0, 0, 1,6.181206,-2.792112,-7.862667,-1,2
68475,614603,1.176713,40440.368921,40440.486565,0, 0, 0, 0,-99.000000,-99.000000,-99.000000,-1,1
68475,614604,1.371345,40440.563552,40440.681197,1, 0, 0, 1,1.677263,-6.327353,5.020425,-1,2
68475,614605,1.449837,40440.642044,40440.759689,1, 0, 0, 1,-6.309789,-1.167403,9.727881,-1,2
68475,614606,1.844137,40441.036344,40441.153990,1, 0, 0, 1,4.899659,-5.908952,-6.952189,-1,2
68475,614607,1.927192,40441.119398,40441.237044,0, 0, 0, 0,-99.000000,-99.000000,-99.000000,-1,1
68475,614608,2.008538,40441.200744,40441.318390,0, 0, 0, 0,-99.000000,-99.000000,-99.000000,-1,1
68475,614760,0.205278,40457.873843,40457.991522,1, 0, 0, 1,6.456059,-3.174295,9.023630,-1,2
68475,614761,0.311062,40457.979627,40458.097307,0, 0, 0, 0,-99.000000,-99.000000,-99.000000,-1,1
68475,614762,0.618755,40458.287320,40458.405000,1, 0, 0, 1,-8.360276,-0.319571,-7.381350,-1,2
68475,614763,0.664278,40458.332843,40458.450523,0, 0, 0, 0,-99.000000,-99.000000,-99.000000,-1,1
68475,614764,0.685073,40458.353637,40458.471318,0, 0, 0, 0,-99.000000,-99.000000,-99.000000,-1,1
68475,614765,0.697928,40458.366493,40458.484173,1, 0, 0, 1,4.645247,-1.295567,-16.345490,-1,2
68475,614766,0.741313,40458.409877,40458.527557,0, 0, 0, 0,-99.000000,-99.000000,-99.000000,-1,0
68475,614767,0.750618,40458.419182,40458.536863,1, 0, 0, 1,-0.190075,2.345713,0.674573,-1,2
68475,614768,0.775869,40458.444433,40458.562114,0, 0, 0, 0,-99.000000,-99.000000,-99.000000,-1,0
68475,614769,0.856141,40458.524706,40458.642386,0, 0, 0, 0,-99.000000,-99.000000,-99.000000,-1,1
68475,614770,0.859612,40458.528176,40458.645857,0, 0, 0, 0,-99.000000,-99.000000,-99.000000,-1,0
68475,614771,0.873784,40458.542348,40458.660029,0, 0, 0, 0,-99.000000,-99.000000,-99.000000,-1,0
68475,614772,0.897050,40458.565614,40458.683295,0, 0, 0, 0,-99.000000,-99.000000,-99.000000,-1,0
68475,614773,0.921022,40458.589586,40458.707267,1, 0, 0, 1,0.302017,-9.008263,-4.375426,-1,2
68475,614774,0.933949,40458.602513,40458.720194,0, 0, 0, 0,-99.000000,-99.000000,-99.000000,-1,0
68475,614775,0.964800,40458.633363,40458.751044,0, 0, 0, 0,-99.000000,-99.000000,-99.000000,-1,1
68475,614776,0.978108,40458.646672,40458.764353,1, 0, 0, 1,-1.585018,4.962343,5.542885,-1,2
68475,614777,1.012416,40458.680980,40458.798661,1, 0, 0, 1,1.114453,-7.944196,-11.116039,-1,2
68475,614778,1.025558,40458.694122,40458.811803,1, 0, 0, 1,-1.135284,9.999997,1.442518,-1,3
68475,614779,1.029117,40458.697681,40458.815362,0, 0, 0, 0,-99.000000,-99.000000,-99.000000,-1,1
68475,614780,1.142900,40458.811464,40458.929145,0, 0, 0, 0,-99.000000,-99.000000,-99.000000,-1,1
68475,614781,1.181077,40458.849640,40458.967321,0, 0, 0, 0,-99.000000,-99.000000,-99.000000,-1,1
68475,614782,1.214648,40458.883212,40459.000893,1, 0, 0, 1,6.165171,-3.153884,12.120739,-1,2
68475,614783,1.310944,40458.979508,40459.097189,1, 0, 0, 1,-3.128824,-5.954011,-8.525935,-1,2
68475,614784,1.761301,40459.429863,40459.547546,0, 0, 0, 0,-99.000000,-99.000000,-99.000000,-1,1
68475,614785,1.828994,40459.497556,40459.615239,0, 0, 0, 0,-99.000000,-99.000000,-99.000000,-1,1
68475,614786,1.861965,40459.530527,40459.648210,0, 0, 0, 0,-99.000000,-99.000000,-99.000000,-1,1
68475,615061,0.072030,40488.100977,40488.218717,1, 0, 0, 1,-4.459288,5.809532,5.011306,-1,2
68475,615062,0.167328,40488.196276,40488.314015,1, 0, 0, 1,-7.501861,2.881534,-13.244702,-1,2
68475,615063,0.212680,40488.241628,40488.359367,1, 0, 0, 1,-4.133637,-0.560003,-1.877288,-1,2
68475,615064,0.266018,40488.294966,40488.412705,1, 0, 0, 1,2.259610,9.308243,0.253268,-1,2
68475,615065,0.382329,40488.411276,40488.529016,0, 0, 0, 0,-99.000000,-99.000000,-99.000000,-1,1
68475,615066,0.461792,40488.490738,40488.608479,1, 0, 0, 1,0.221125,5.787877,14.909287,-1,2
68475,615067,0.817545,40488.846491,40488.964232,1, 0, 0, 1,5.097500,-1.116284,-4.688557,-1,2
68475,615068,0.949477,40488.978423,40489.096164,1, 0, 0, 1,-0.583308,0.488390,7.998125,-1,2
68475,615069,1.161622,40489.190568,40489.308309,0, 0, 0, 0,-99.000000,-99.000000,-99.000000,-1,1
68475,615070,1.307620,40489.336565,40489.454307,0, 0, 0, 0,-99.000000,-99.000000,-99.000000,-1,1
68475,615071,1.418797,40489.447741,40489.565484,0, 0, 0, 0,-99.000000,-99.000000,-99.000000,-1,1
68475,615072,1.564883,40489.593827,40489.711570,1, 0, 0, 1,1.402528,6.426549,4.514075,-1,2
68475,615073,1.571926,40489.600870,40489.718613,1, 0, 0, 1,0.489514,2.500052,-6.395618,-1,2
68475,615074,1.602318,40489.631263,40489.749005,1, 0, 0, 1,6.617853,-14.255263,9.113413,-1,2
68475,615075,1.639488,40489.668432,40489.786175,1, 0, 0, 1,-0.546190,5.128267,15.318150,-1,2
68475,615076,1.753338,40489.782283,40489.900025,1, 0, 0, 1,-0.063589,-10.750770,-0.511471,-1,2
68475,615077,1.828413,40489.857358,40489.975100,1, 0, 0, 1,-1.636425,-5.367876,3.059788,-1,2
68475,615078,1.899874,40489.928818,40490.046561,1, 0, 0, 1,14.674078,1.866130,-18.292550,-1,2
68475,615119,0.041833,40494.196085,40494.313836,0, 0, 0, 0,-99.000000,-99.000000,-99.000000,-1,0
68475,615120,0.081087,40494.235338,40494.353089,1, 0, 0, 1,7.302345,0.269782,-13.459197,-1,2
68475,615121,0.196051,40494.350302,40494.468054,0, 0, 0, 0,-99.000000,-99.000000,-99.000000,-1,0
68475,615122,0.301818,40494.456068,40494.573821,0, 0, 0, 0,-99.000000,-99.000000,-99.000000,-1,1
68475,615123,0.379643,40494.533893,40494.651645,1, 0, 0, 1,-5.536943,4.123478,0.901839,-1,2
68475,615124,0.445146,40494.599397,40494.717149,1, 0, 0, 1,2.480783,5.510699,-5.382522,-1,2
68475,615125,0.639923,40494.794173,40494.911926,0, 0, 0, 0,-99.000000,-99.000000,-99.000000,-1,1
68475,615126,0.956055,40495.110304,40495.228057,0, 0, 0, 0,-99.000000,-99.000000,-99.000000,-1,1
68475,615127,1.070575,40495.224824,40495.342578,1, 0, 0, 1,-2.984141,-9.053183,-10.893752,-1,2
68475,615128,1.128622,40495.282871,40495.400625,0, 0, 0, 0,-99.000000,-99.000000,-99.000000,-1,1
68475,615129,1.319956,40495.474204,40495.591958,1, 0, 0, 1,-4.547263,-8.818708,6.874679,-1,2
68475,615130,1.350188,40495.504437,40495.622191,1, 0, 0, 1,7.056644,3.466607,5.667554,-1,3
68475,615131,1.443594,40495.597842,40495.715596,0, 0, 0, 0,-99.000000,-99.000000,-99.000000,-1,1
68475,615132,1.529870,40495.684118,40495.801873,0, 0, 0, 0,-99.000000,-99.000000,-99.000000,-1,0
68475,615133,1.613427,40495.767675,40495.885430,1, 0, 0, 1,1.384773,1.243848,-8.809150,-1,2
68475,615134,1.636947,40495.791195,40495.908949,0, 0, 0, 0,-99.000000,-99.000000,-99.000000,-1,1
68475,615135,1.847528,40496.001776,40496.119531,1, 0, 0, 1,-0.575276,-3.175735,2.329293,-1,2
68475,615400,0.027899,40524.542532,40524.660344,0, 0, 0, 0,-99.000000,-99.000000,-99.000000,-1,1
68475,615401,0.048150,40524.562784,40524.680595,0, 0, 0, 0,-99.000000,-99.000000,-99.000000,-1,0
68475,615402,0.143451,40524.658084,40524.775896,1, 0, 0, 1,-3.596383,5.453346,-19.882755,-1,2
68475,615403,0.282467,40524.797099,40524.914912,1, 0, 0, 1,-2.552574,4.444536,-3.126092,-1,2
68475,615404,0.335876,40524.850508,40524.968321,1, 0, 0, 1,-0.006417,-0.506263,-6.222139,-1,2
68475,615405,0.436415,40524.951047,40525.068860,0, 0, 0, 0,-99.000000,-99.000000,-99.000000,-1,1
68475,615406,0.534699,40525.049331,40525.167144,1, 0, 0, 1,4.872993,6.046467,17.700954,-1,2
68475,615407,0.685396,40525.200027,40525.317840,1, 0, 0, 1,5.892057,1.996289,2.760346,-1,2
68475,615408,0.698312,40525.212944,40525.330757,0, 0, 0, 0,-99.000000,-99.000000,-99.000000,-1,1
68475,615409,0.964397,40525.479028,40525.596842,0, 0, 0, 0,-99.000000,-99.000000,-99.000000,-1,0
68475,615410,1.098958,40525.613589,40525.731403,0, 0, 0, 0,-99.000000,-99.000000,-99.000000,-1,1
68475,615411,1.119822,40525.634453,40525.752267,1, 0, 0, 1,-1.631017,-2.007075,1.364353,-1,2
68475,615412,1.238064,40525.752695,40525.870509,1, 0, 0, 1,-0.906825,-3.398388,-11.999729,-1,2
68475,615413,1.273764,40525.788395,40525.906209,0, 0, 0, 0,-99.000000,-99.000000,-99.000000,-1,1
68475,615414,1.589826,40526.104456,40526.222271,1, 0, 0, 1,5.157333,-5.016211,20.869759,-1,2
68475,615415,1.687217,40526.201846,40526.319661,1, 0, 0, 1,-5.901036,6.258837,-17.422296,-1,2
68475,615416,1.885385,40526.400014,40526.517829,1, 0, 0, 1,0.656531,-3.854662,-17.969802,-1,2
68475,615575,0.091886,40543.127860,40543.245708,0, 0, 0, 0,-99.000000,-99.000000,-99.000000,-1,1
68475,615576,0.265682,40543.301656,40543.419505,1, 0, 0, 1,4.124843,7.071928,0.548174,-1,2
68475,615577,0.407880,40543.443854,40543.561703,0, 0, 0, 0,-99.000000,-99.000000,-99.000000,-1,1
68475,615578,0.496631,40543.532604,40543.650454,1, 0, 0, 1,-0.082831,3.039874,18.154769,-1,2
68475,615579,0.520894,40543.556867,40543.674717,1, 0, 0, 1,-1.439477,1.241639,-6.943705,-1,2
68475,615580,0.539130,40543.575103,40543.692952,1, 0, 0, 1,2.781307,-0.649677,-2.102362,-1,2
68475,615581,0.583138,40543.619111,40543.736961,0, 0, 0, 0,-99.000000,-99.000000,-99.000000,-1,0
68475,615582,0.647922,40543.683895,40543.801745,1, 0, 0, 1,-3.264155,-4.769457,14.864012,-1,2
68475,615583,0.902811,40543.938784,40544.056634,0, 0, 0, 0,-99.000000,-99.000000,-99.000000,-1,1
68475,615584,0.943568,40543.979541,40544.097391,0, 0, 0, 0,-99.000000,-99.000000,-99.000000,-1,1
68475,615585,1.038188,40544.074160,40544.192010,1, 0, 0, 1,-5.726656,2.333944,16.967945,-1,2
68475,615586,1.154527,40544.190499,40544.308350,1, 0, 0, 1,-2.680237,-7.656091,-11.721855,-1,2
68475,615587,1.225411,40544.261383,40544.379233,1, 0, 0, 1,-0.954513,4.499707,4.768284,-1,2
68475,615588,1.262512,40544.298484,40544.416334,1, 0, 0, 1,-4.326836,3.221544,-6.266141,-1,2
68475,615589,1.333315,40544.369286,40544.487137,1, 0, 0, 1,2.869689,-1.664872,15.723748,-1,2
68475,615590,1.572373,40544.608344,40544.726196,1, 0, 0, 1,-7.706420,2.011498,0.927240,-1,2
68475,615591,1.672228,40544.708199,40544.826050,0, 0, 0, 0,-99.000000,-99.000000,-99.000000,-1,1
68475,615592,1.720943,40544.756914,40544.874766,0, 0, 0, 0,-99.000000,-99.000000,-99.000000,-1,1
68475,615593,1.733893,40544.769864,40544.887716,0, 0, 0, 0,-99.000000,-99.000000,-99.000000,-1,0
68475,615594,1.844549,40544.880520,40544.998372,1, 0, 0, 1,3.464382,-7.382930,0.801940,-1,2
68475,615595,1.852971,40544.888942,40545.006794,1, 0, 0, 1,2.008036,-4.278661,-14.504180,-1,2
68475,615596,2.005530,40545.041500,40545.159352,1, 0, 0, 1,2.430266,8.319045,19.468444,-1,2
68475,615885,0.016009,40573.412365,40573.530274,1, 0, 0, 1,-4.732258,7.078097,-4.530050,-1,2
68475,615886,0.030265,40573.426622,40573.544530,0, 0, 0, 0,-99.000000,-99.000000,-99.000000,-1,1
68475,615887,0.052263,40573.448620,40573.566528,1, 0, 0, 1,-2.042051,-8.223346,-3.645294,-1,2
68475,615888,0.114846,40573.511202,40573.629111,0, 0, 0, 0,-99.000000,-99.000000,-99.000000,-1,1
68475,615889,0.357167,40573.753523,40573.871432,0, 0, 0, 0,-99.000000,-99.000000,-99.000000,-1,0
68475,615890,0.413053,40573.809408,40573.927318,1, 0, 0, 1,-5.960845,4.628022,4.071740,-1,2
68475,615891,0.671132,40574.067487,40574.185397,1, 0, 0, 1,0.307956,-7.890066,14.198130,-1,2
68475,615892,0.901818,40574.298173,40574.416083,0, 0, 0, 0,-99.000000,-99.000000,-99.000000,-1,1
68475,615893,0.960668,40574.357023,40574.474933,0, 0, 0, 0,-99.000000,-99.000000,-99.000000,-1,1
68475,615894,1.103938,40574.500292,40574.618203,1, 0, 0, 1,2.210334,1.884167,-0.088059,-1,2
68475,615895,1.124123,40574.520477,40574.638388,1, 0, 0, 1,-4.471293,0.474827,-14.724656,-1,2
68475,615896,1.138468,40574.534823,40574.652733,1, 0, 0, 1,5.665930,1.739089,-5.637917,-1,2
68475,615897,1.186500,40574.582854,40574.700765,1, 0, 0, 1,4.619540,1.860504,13.123629,-1,2
68475,615898,1.252699,40574.649053,40574.766963,0, 0, 0, 0,-99.000000,-99.000000,-99.000000,-1,0
68475,615899,1.316662,40574.713016,40574.830927,1, 0, 0, 1,-4.950598,2.439270,-5.121298,-1,2
68475,615900,1.488905,40574.885259,40575.003170,1, 0, 0, 1,-5.823818,4.461073,16.370465,-1,2
68475,615901,1.516123,40574.912477,40575.030388,0, 0, 0, 0,-99.000000,-99.000000,-99.000000,-1,1
68475,615902,1.661314,40575.057667,40575.175579,1, 0, 0, 1,-0.432729,5.187879,0.948813,-1,2
68475,615903,1.795324,40575.191677,40575.309589,0, 0, 0, 0,-99.000000,-99.000000,-99.000000,-1,1
68475,615904,1.999240,40575.395592,40575.513505,1, 0, 0, 1,0.455104,4.236025,11.212424,-1,2
68475,615943,0.104480,40579.626212,40579.744132,0, 0, 0, 0,-99.000000,-99.000000,-99.000000,-1,1
68475,615944,0.118617,40579.640349,40579.758270,1, 0, 0, 1,0.054257,-0.215588,9.989912,-1,2
68475,615945,0.137153,40579.658885,40579.776805,0, 0, 0, 0,-99.000000,-99.000000,-99.000000,-1,0
68475,615946,0.166626,40579.688358,40579.806279,0, 0, 0, 0,-99.000000,-99.000000,-99.000000,-1,0
68475,615947,0.176562,40579.698293,40579.816214,1, 0, 0, 1,6.712665,-0.528580,-17.940235,-1,2
68475,615948,0.177959,40579.699690,40579.817611,1, 0, 0, 1,7.774288,2.644328,14.691584,-1,2
68475,615949,0.208966,40579.730697,40579.848618,1, 0, 0, 1,1.319114,5.101729,-13.798308,-1,2
68475,615950,0.384608,40579.906340,40580.024261,0, 0, 0, 0,-99.000000,-99.000000,-99.000000,-1,0
68475,615951,0.464650,40579.986381,40580.104303,0, 0, 0, 0,-99.000000,-99.000000,-99.000000,-1,1
68475,615952,0.474994,40579.996725,40580.114647,0, 0, 0, 0,-99.000000,-99.000000,-99.000000,-1,1
68475,615953,0.528416,40580.050147,40580.168069,0, 0, 0, 0,-99.000000,-99.000000,-99.000000,-1,0
68475,615954,0.582755,40580.104486,40580.222407,0, 0, 0, 0,-99.000000,-99.000000,-99.000000,-1,1
68475,615955,0.640108,40580.161839,40580.279761,1, 0, 0, 1,-0.853826,-2.315018,1.566086,-1,2
68475,615956,0.705581,40580.227312,40580.345234,0, 0, 0, 0,-99.000000,-99.000000,-99.000000,-1,1
68475,615957,0.707764,40580.229495,40580.347417,1, 0, 0, 1,-12.191043,14.729904,-18.948683,-1,2
68475,615958,0.799858,40580.321589,40580.439511,0, 0, 0, 0,-99.000000,-99.000000,-99.000000,-1,1
68475,615959,0.862496,40580.384226,40580.502148,0, 0, 0, 0,-99.000000,-99.000000,-99.000000,-1,1
68475,615960,1.015857,40580.537587,40580.655510,0, 0, 0, 0,-99.000000,-99.000000,-99.000000,-1,0
68475,615961,1.031325,40580.553055,40580.670978,0, 0, 0, 0,-99.000000,-99.000000,-99.000000,-1,1
68475,615962,1.252934,40580.774664,40580.892587,0, 0, 0, 0,-99.000000,-99.000000,-99.000000,-1,0
68475,615963,1.428466,40580.950196,40581.068119,1, 0, 0, 1,2.683943,4.283801,-11.455590,-1,2
68475,615964,1.449120,40580.970849,40581.088772,1, 0, 0, 1,2.288892,0.083998,7.119948,-1,2
68475,615965,1.460219,40580.981948,40581.099871,1, 0, 0, 1,-5.229680,3.615330,-1.009565,-1,2
68475,615966,1.500740,40581.022469,40581.140392,1, 0, 0, 1,-3.584140,5.202631,4.292822,-1,2
68475,615967,1.781883,40581.303612,40581.421536,1, 0, 0, 1,2.479232,-2.555412,2.240263,-1,2
68475,615968,1.936285,40581.458013,40581.575937,1, 0, 0, 1,-2.759172,-1.502475,12.097779,-1,2
68475,615969,1.958014,40581.479742,40581.597666,1, 0, 0, 1,-4.281820,0.207553,9.505638,-1,2
68475,615970,1.993659,40581.515387,40581.633311,1, 0, 0, 1,-3.760241,6.486332,16.020374,-1,2
68475,615971,1.996431,40581.518159,40581.636084,1, 0, 0, 1,-5.118252,3.131760,17.012716,-1,2
68475,616230,0.165532,40610.047646,40610.165627,1, 0, 0, 1,4.911916,-0.688703,7.945837,-1,2
68475,616231,0.258202,40610.140315,40610.258296,1, 0, 0, 1,-2.056270,0.728478,-11.726448,-1,2
68475,616232,0.297870,40610.179983,40610.297965,0, 0, 0, 0,-99.000000,-99.000000,-99.000000,-1,1
68475,616233,0.338950,40610.221064,40610.339045,0, 0, 0, 0,-99.000000,-99.000000,-99.000000,-1,1
68475,616234,0.486878,40610.368991,40610.486973,1, 0, 0, 1,-7.604966,-1.604785,-5.018374,-1,2
68475,616235,0.927090,40610.809202,40610.927185,0, 0, 0, 0,-99.000000,-99.000000,-99.000000,-1,1
68475,616236,1.033258,40610.915370,40611.033353,1, 0, 0, 1,3.263528,-2.374306,1.974026,-1,2
68475,616237,1.111522,40610.993634,40611.111617,0, 0, 0, 0,-99.000000,-99.000000,-99.000000,-1,1
68475,616238,1.126042,40611.008154,40611.126137,0, 0, 0, 0,-99.000000,-99.000000,-99.000000,-1,0
68475,616239,1.155131,40611.037243,40611.155226,1, 0, 0, 1,-8.191822,5.068857,-18.368212,-1,2
68475,616240,1.160716,40611.042828,40611.160811,0, 0, 0, 0,-99.000000,-99.000000,-99.000000,-1,1
68475,616241,1.176051,40611.058163,40611.176146,1, 0, 0, 1,3.397521,-3.086366,-3.567315,-1,2
68475,616242,1.182409,40611.064521,40611.182504,0, 0, 0, 0,-99.000000,-99.000000,-99.000000,-1,1
68475,616243,1.265652,40611.147764,40611.265747,1, 0, 0, 1,3.295100,-6.938343,15.730788,-1,2
68475,616244,1.372296,40611.254407,40611.372391,1, 0, 0, 1,-5.827211,-3.135668,12.154584,-1,2
68475,616245,1.420692,40611.302804,40611.420787,1, 0, 0, 1,-1.874127,-5.978980,11.899190,-1,2
68475,616246,1.426702,40611.308814,40611.426797,0, 0, 0, 0,-99.000000,-99.000000,-99.000000,-1,1
68475,616247,1.428237,40611.310348,40611.428332,1, 0, 0, 1,7.490390,0.101092,-10.882161,-1,2
68475,616248,1.586481,40611.468592,40611.586576,0, 0, 0, 0,-99.000000,-99.000000,-99.000000,-1,0
68475,616249,1.642263,40611.524374,40611.642358,0, 0, 0, 0,-99.000000,-99.000000,-99.000000,-1,1
68475,616250,1.727094,40611.609205,40611.727189,1, 0, 0, 1,0.294698,-4.131730,16.587983,-1,2
68475,616251,1.793843,40611.675954,40611.793938,0, 0, 0, 0,-99.000000,-99.000000,-99.000000,-1,1
68475,616252,1.892068,40611.774179,40611.892163,0, 0, 0, 0,-99.000000,-99.000000,-99.000000,-1,0
68475,616253,1.924194,40611.806305,40611.924289,1, 0, 0, 1,7.692112,-2.557774,-18.480950,-1,2
68475,616254,1.928849,40611.810960,40611.928944,1, 0, 0, 1,2.893760,7.214849,-7.646864,-1,3
68475,616255,2.003233,40611.885343,40612.003328,1, 0, 0, 1,-2.029400,9.999981,-7.631560,-1,3
68475,616256,2.014916,40611.897026,40612.015011,1, 0, 0, 1,0.326835,1.251590,16.823653,-1,2
68475,617257,0.212963,40719.221905,40719.340103,0, 0, 0, 0,-99.000000,-99.000000,-99.000000,-1,0
68475,617258,0.319612,40719.328553,40719.446752,1, 0, 0, 1,4.750556,1.170800,11.362514,-1,2
68475,617259,0.371339,40719.380280,40719.498479,0, 0, 0, 0,-99.000000,-99.000000,-99.000000,-1,1
68475,617260,0.456837,40719.465778,40719.583977,0, 0, 0, 0,-99.000000,-99.000000,-99.000000,-1,1
68475,617261,0.485865,40719.494806,40719.613005,1, 0, 0, 1,7.666898,0.142803,3.885014,-1,2
68475,617262,0.506525,40719.515467,40719.633666,0, 0, 0, 0,-99.000000,-99.000000,-99.000000,-1,1
68475,617263,0.538433,40719.547374,40719.665573,1, 0, 0, 1,-2.144265,7.780826,-14.260784,-1,2
68475,617264,0.548519,40719.557460,40719.675659,0, 0, 0, 0,-99.000000,-99.000000,-99.000000,-1,0
68475,617265,0.636211,40719.645152,40719.763351,1, 0, 0, 1,-1.920167,4.079721,-13.754006,-1,2
68475,617266,0.724725,40719.733665,40719.851865,1, 0, 0, 1,-2.887482,6.631826,13.243512,-1,2
68475,617267,0.849235,40719.858176,40719.976376,0, 0, 0, 0,-99.000000,-99.000000,-99.000000,-1,1
68475,617268,0.979032,40719.987973,40720.106173,1, 0, 0, 1,-4.237658,-3.963216,1.280205,-1,2
68475,617269,1.305275,40720.314215,40720.432415,1, 0, 0, 1,2.514014,-0.327296,0.651330,-1,2
68475,617270,1.537905,40720.546844,40720.665046,0, 0, 0, 0,-99.000000,-99.000000,-99.000000,-1,1
68475,617271,1.724895,40720.733833,40720.852035,0, 0, 0, 0,-99.000000,-99.000000,-99.000000,-1,0
68475,617272,1.758788,40720.767727,40720.885928,0, 0, 0, 0,-99.000000,-99.000000,-99.000000,-1,1
68475,617273,1.883395,40720.892333,40721.010535,1, 0, 0, 1,1.480181,-1.818393,5.725073,-1,2
68475,617540,0.273754,40749.643078,40749.761337,1, 0, 0, 1,3.309745,6.637848,-9.301492,-1,2
68475,617541,0.362209,40749.731533,40749.849792,1, 0, 0, 1,0.084178,7.956723,-11.137593,-1,2
68475,617542,0.621187,40749.990510,40750.108770,0, 0, 0, 0,-99.000000,-99.000000,-99.000000,-1,0
68475,617543,0.645384,40750.014707,40750.132967,1, 0, 0, 1,7.441563,0.951186,19.603213,-1,2
68475,617544,0.824947,40750.194270,40750.312530,0, 0, 0, 0,-99.000000,-99.000000,-99.000000,-1,1
68475,617545,0.919215,40750.288538,40750.406798,0, 0, 0, 0,-99.000000,-99.000000,-99.000000,-1,0
68475,617546,0.935352,40750.304675,40750.422935,1, 0, 0, 1,2.637649,1.953860,3.684989,-1,2
68475,617547,1.008158,40750.377480,40750.495741,1, 0, 0, 1,-6.734810,1.930874,16.236101,-1,3
68475,617548,1.029189,40750.398511,40750.516772,0, 0, 0, 0,-99.000000,-99.000000,-99.000000,-1,0
68475,617549,1.039881,40750.409203,40750.527464,0, 0, 0, 0,-99.000000,-99.000000,-99.000000,-1,0
68475,617550,1.105501,40750.474823,40750.593084,1, 0, 0, 1,-1.802075,7.381647,-7.523991,-1,2
68475,617551,1.154246,40750.523569,40750.641829,1, 0, 0, 1,-2.181280,4.014857,1.037263,-1,2
68475,617552,1.218688,40750.588010,40750.706271,1, 0, 0, 1,1.145661,-4.606878,16.087928,-1,2
68475,617553,1.222510,40750.591832,40750.710093,0, 0, 0, 0,-99.000000,-99.000000,-99.000000,-1,0
68475,617554,1.267740,40750.637062,40750.755323,1, 0, 0, 1,-7.279362,-5.174637,8.942807,-1,2
68475,617555,1.492746,40750.862067,40750.980329,1, 0, 0, 1,-2.685445,-1.666938,20.088371,-1,2
68475,617556,1.737516,40751.106837,40751.225099,0, 0, 0, 0,-99.000000,-99.000000,-99.000000,-1,0
68475,617557,2.005111,40751.374432,40751.492694,1, 0, 0, 1,-8.195222,1.531364,13.593737,-1,2
68475,617594,0.107717,40755.602292,40755.720563,0, 0, 0, 0,-99.000000,-99.000000,-99.000000,-1,0
68475,617595,0.502026,40755.996600,40756.114872,1, 0, 0, 1,-6.807129,-0.876037,-7.314495,-1,2
68475,617596,0.741817,40756.236391,40756.354664,0, 0, 0, 0,-99.000000,-99.000000,-99.000000,-1,0
68475,617597,0.865124,40756.359697,40756.477970,1, 0, 0, 1,8.990466,-0.600901,-16.270040,-1,2
68475,617598,0.910209,40756.404782,40756.523055,0, 0, 0, 0,-99.000000,-99.000000,-99.000000,-1,0
68475,617599,1.484349,40756.978921,40757.097195,1, 0, 0, 1,-3.825553,-6.734528,18.660062,-1,2
68475,617600,1.562468,40757.057040,40757.175314,1, 0, 0, 1,-3.229279,-3.841925,14.523434,-1,2
68475,617601,1.699487,40757.194059,40757.312334,0, 0, 0, 0,-99.000000,-99.000000,-99.000000,-1,1
68475,617602,1.740449,40757.235021,40757.353295,1, 0, 0, 1,-1.241661,7.639812,-11.995239,-1,2
68475,617603,1.785182,40757.279754,40757.398028,0, 0, 0, 0,-99.000000,-99.000000,-99.000000,-1,0
68475,617604,1.820609,40757.315181,40757.433455,1, 0, 0, 1,-5.187882,-3.222747,4.085722,-1,3
68475,617853,0.007333,40785.862291,40785.980622,1, 0, 0, 1,-1.973648,4.443231,11.927269,-1,2
68475,617854,0.022150,40785.877108,40785.995439,1, 0, 0, 1,2.382759,6.595603,3.452458,-1,2
68475,617855,0.275313,40786.130270,40786.248602,1, 0, 0, 1,-3.247119,7.801606,9.017070,-1,2
68475,617856,0.365521,40786.220478,40786.338810,1, 0, 0, 1,5.069078,-2.343511,22.048444,-1,2
68475,617857,0.370593,40786.225550,40786.343882,0, 0, 0, 0,-99.000000,-99.000000,-99.000000,-1,0
68475,617858,0.422718,40786.277675,40786.396007,1, 0, 0, 1,-2.401010,6.602899,-11.988972,-1,2
68475,617859,0.684723,40786.539680,40786.658012,1, 0, 0, 1,-7.845581,-0.290033,14.906501,-1,7
68475,617860,0.906259,40786.761215,40786.879548,1, 0, 0, 1,-6.690627,4.079820,21.834488,-1,2
68475,617861,0.938142,40786.793098,40786.911431,0, 0, 0, 0,-99.000000,-99.000000,-99.000000,-1,1
68475,617862,1.049507,40786.904462,40787.022796,1, 0, 0, 1,6.696546,-1.815417,-15.598512,-1,2
68475,617863,1.099235,40786.954191,40787.072524,0, 0, 0, 0,-99.000000,-99.000000,-99.000000,-1,1
68475,617864,1.333783,40787.188738,40787.307071,1, 0, 0, 1,-2.831600,1.110904,19.122391,-1,2
68475,617865,1.505787,40787.360742,40787.479076,1, 0, 0, 1,1.828369,0.405637,-14.127288,-1,2
68475,617866,1.610117,40787.465071,40787.583406,0, 0, 0, 0,-99.000000,-99.000000,-99.000000,-1,1
68475,617867,1.702837,40787.557791,40787.676126,1, 0, 0, 1,0.127678,9.441529,14.604785,-1,2
68475,617868,1.708677,40787.563631,40787.681965,1, 0, 0, 1,-1.952916,-6.238880,22.265486,-1,2
68475,617869,1.742407,40787.597361,40787.715696,1, 0, 0, 1,1.377007,7.013764,11.891519,-1,2
68475,617870,1.826933,40787.681887,40787.800222,0, 0, 0, 0,-99.000000,-99.000000,-99.000000,-1,1
68475,617871,1.950309,40787.805262,40787.923597,1, 0, 0, 1,-2.886558,-3.177750,5.571397,-1,2
68475,618020,0.166609,40804.528412,40804.646781,1, 0, 0, 1,5.195127,4.839687,7.669001,-1,2
68475,618021,0.389778,40804.751581,40804.869950,1, 0, 0, 1,1.923173,-0.457175,-11.231720,-1,2
68475,618022,0.633814,40804.995617,40805.113986,0, 0, 0, 0,-99.000000,-99.000000,-99.000000,-1,0
68475,618023,0.685405,40805.047207,40805.165576,0, 0, 0, 0,-99.000000,-99.000000,-99.000000,-1,1
68475,618024,0.733513,40805.095315,40805.213684,1, 0, 0, 1,2.226650,3.049793,-17.966341,-1,2
68475,618025,0.752799,40805.114601,40805.232971,1, 0, 0, 1,2.381732,-0.031026,-7.627925,-1,2
68475,618026,0.780083,40805.141885,40805.260255,1, 0, 0, 1,9.606015,-7.904340,8.164044,-1,2
68475,618027,1.082996,40805.444798,40805.563168,0, 0, 0, 0,-99.000000,-99.000000,-99.000000,-1,1
68475,618028,1.140551,40805.502353,40805.620723,1, 0, 0, 1,-0.525638,-2.158700,6.114063,-1,2
68475,618029,1.386446,40805.748247,40805.866618,0, 0, 0, 0,-99.000000,-99.000000,-99.000000,-1,1
68475,618030,1.403817,40805.765618,40805.883989,1, 0, 0, 1,-5.713764,0.880329,0.877021,-1,2
68475,618031,1.625157,40805.986957,40806.105329,1, 0, 0, 1,0.496373,-0.137442,1.359782,-1,2
68475,618032,1.707762,40806.069563,40806.187934,1, 1, 0, 1,-1.240418,2.985097,1.201100,-1,2
68475,618033,1.754036,40806.115837,40806.234208,0, 0, 0, 0,-99.000000,-99.000000,-99.000000,-1,0
68475,618034,1.779959,40806.141759,40806.260131,0, 0, 0, 0,-99.000000,-99.000000,-99.000000,-1,0
68475,618035,1.783975,40806.145775,40806.264147,0, 0, 0, 0,-99.000000,-99.000000,-99.000000,-1,0
68475,618036,1.831223,40806.193023,40806.311395,1, 0, 0, 1,6.510313,3.091672,-8.598539,-1,2
68475,618304,0.286509,40835.008695,40835.127124,0, 0, 0, 0,-99.000000,-99.000000,-99.000000,-1,1
68475,618305,0.416390,40835.138575,40835.257004,1, 0, 0, 1,-4.325573,-5.132699,12.723121,-1,2
68475,618306,0.933501,40835.655685,40835.774115,0, 0, 0, 0,-99.000000,-99.000000,-99.000000,-1,0
68475,618307,0.957388,40835.679572,40835.798002,1, 0, 0, 1,-4.837077,1.799287,-0.051166,-1,2
68475,618308,1.186494,40835.908677,40836.027108,1, 0, 0, 1,-6.636424,-1.450640,-9.368076,-1,2
68475,618309,1.198768,40835.920951,40836.039382,1, 0, 0, 1,3.979346,-4.096871,-14.773519,-1,2
68475,618310,1.280587,40836.002770,40836.121201,0, 0, 0, 0,-99.000000,-99.000000,-99.000000,-1,1
68475,618311,1.580389,40836.302572,40836.421004,1, 0, 0, 1,-0.928338,-8.448442,13.888525,-1,2
68475,618312,1.600031,40836.322213,40836.440645,1, 0, 0, 1,4.074515,8.394613,-10.549798,-1,2
68475,618313,1.616731,40836.338914,40836.457346,1, 0, 0, 1,0.169833,0.019266,-5.346689,-1,2
68475,618314,1.682901,40836.405084,40836.523516,1, 0, 0, 1,-5.766685,-3.357937,-6.211004,-1,3
68475,618315,1.753340,40836.475522,40836.593954,1, 0, 0, 1,0.994236,0.927833,5.332134,-1,2
68475,618316,1.850910,40836.573092,40836.691524,1, 0, 0, 1,-8.233278,-0.180176,-8.705058,-1,2
68475,618317,1.898097,40836.620279,40836.738711,1, 0, 0, 1,-1.701145,3.724833,-5.729912,-1,2
68475,618318,1.967602,40836.689784,40836.808216,1, 0, 0, 1,5.543493,-0.232712,7.805185,-1,2
68475,618364,0.073277,40840.920596,40841.039036,1, 0, 0, 1,-1.068997,8.664034,-17.994123,-1,2
68475,618365,0.099235,40840.946554,40841.064994,1, 0, 0, 1,-2.027277,1.872184,12.544414,-1,2
68475,618366,0.214729,40841.062048,40841.180489,1, 0, 0, 1,-4.446636,-0.680768,17.335698,-1,2
68475,618367,0.459338,40841.306656,40841.425098,1, 0, 0, 1,0.448303,5.297231,-4.218493,-1,2
68475,618368,0.472323,40841.319641,40841.438082,1, 0, 0, 1,2.884059,3.496342,3.350657,-1,2
68475,618369,0.492820,40841.340138,40841.458579,1, 0, 0, 1,7.422177,0.214116,-15.817987,-1,2
68475,618370,0.581235,40841.428552,40841.546994,1, 0, 0, 1,-0.720221,-0.538430,0.404256,-1,2
68475,618371,0.581373,40841.428691,40841.547132,1, 0, 0, 1,0.561862,8.512980,4.466690,-1,2
68475,618372,0.594242,40841.441559,40841.560001,0, 0, 0, 0,-99.000000,-99.000000,-99.000000,-1,0
68475,618373,0.917961,40841.765278,40841.883721,1, 0, 0, 1,-9.425759,-0.535908,8.809542,-1,2
68475,618374,0.971049,40841.818366,40841.936808,0, 0, 0, 0,-99.000000,-99.000000,-99.000000,-1,1
68475,618375,1.203407,40842.050724,40842.169167,1, 0, 0, 1,-1.952560,4.934587,-22.085901,-1,2
68475,618376,1.289372,40842.136688,40842.255131,0, 0, 0, 0,-99.000000,-99.000000,-99.000000,-1,1
68475,618377,1.316335,40842.163651,40842.282095,1, 0, 0, 1,-4.048433,-1.267515,16.443164,-1,2
68475,618378,1.729089,40842.576404,40842.694848,1, 0, 0, 1,5.468293,2.810680,17.486893,-1,2
68475,618379,1.731466,40842.578782,40842.697226,1, 0, 0, 1,6.320625,1.358557,0.927960,-1,2
68475,618380,1.781367,40842.628682,40842.747126,1, 0, 0, 1,-2.563007,-1.572627,-6.525140,-1,2
68475,618381,1.805504,40842.652819,40842.771263,1, 0, 0, 1,2.256802,5.278646,-17.202475,-1,2
68475,618382,1.894860,40842.742175,40842.860619,0, 0, 0, 0,-99.000000,-99.000000,-99.000000,-1,1
68475,618653,0.047173,40871.254874,40871.373375,0, 0, 0, 0,-99.000000,-99.000000,-99.000000,-1,1
68475,618654,0.049948,40871.257649,40871.376150,1, 0, 0, 1,3.969972,0.930022,11.933934,-1,2
68475,618655,0.144541,40871.352241,40871.470743,1, 0, 0, 1,-1.244068,0.209412,2.173131,-1,2
68475,618656,0.177718,40871.385419,40871.503920,1, 0, 0, 1,-3.157026,0.531816,8.645279,-1,2
68475,618657,0.233350,40871.441050,40871.559551,1, 0, 0, 1,4.191072,3.714044,0.526183,-1,2
68475,618658,0.362450,40871.570150,40871.688652,0, 0, 0, 0,-99.000000,-99.000000,-99.000000,-1,0
68475,618659,0.702948,40871.910647,40872.029150,0, 0, 0, 0,-99.000000,-99.000000,-99.000000,-1,0
68475,618660,0.825592,40872.033291,40872.151794,1, 0, 0, 1,-2.236485,7.772075,14.790011,-1,2
68475,618661,0.880721,40872.088420,40872.206923,1, 0, 0, 1,0.884600,-7.334411,19.131575,-1,2
68475,618662,0.940738,40872.148437,40872.266940,0, 0, 0, 0,-99.000000,-99.000000,-99.000000,-1,0
68475,618663,1.097802,40872.305501,40872.424004,1, 0, 0, 1,1.703535,0.562043,-8.530189,-1,2
68475,618664,1.159956,40872.367655,40872.486158,1, 0, 0, 1,6.168873,0.523289,18.673920,-1,2
68475,618665,1.201569,40872.409267,40872.527771,0, 0, 0, 0,-99.000000,-99.000000,-99.000000,-1,1
68475,618666,1.213624,40872.421322,40872.539825,0, 0, 0, 0,-99.000000,-99.000000,-99.000000,-1,1
68475,618667,1.248763,40872.456461,40872.574964,1, 0, 0, 1,7.860345,5.247706,-2.656617,-1,4
68475,618668,1.279614,40872.487312,40872.605816,1, 0, 0, 1,4.084819,-4.973446,4.267977,-1,3
68475,618669,1.356564,40872.564262,40872.682766,1, 0, 0, 1,3.241569,1.877368,1.432584,-1,2
68475,618670,1.428074,40872.635773,40872.754276,1, 0, 0, 1,-8.207018,-1.051926,3.956056,-1,2
68475,618671,1.475789,40872.683487,40872.801991,1, 0, 0, 1,-2.920872,0.850388,-5.617433,-1,2
68475,618672,1.496821,40872.704519,40872.823023,0, 0, 0, 0,-99.000000,-99.000000,-99.000000,-1,0
68475,618673,1.514989,40872.722687,40872.841191,0, 0, 0, 0,-99.000000,-99.000000,-99.000000,-1,1
68475,618674,1.855927,40873.063624,40873.182129,0, 0, 0, 0,-99.000000,-99.000000,-99.000000,-1,0
68475,618675,1.873060,40873.080757,40873.199262,1, 0, 0, 1,-2.161024,2.704493,8.581746,-1,2
68475,618826,0.013823,40889.762195,40889.880732,1, 0, 0, 1,-5.359985,5.953933,18.076306,-1,2
68475,618827,0.080540,40889.828912,40889.947450,1, 0, 0, 1,2.525869,-9.480207,19.385922,-1,2
68475,618828,0.081932,40889.830304,40889.948842,0, 0, 0, 0,-99.000000,-99.000000,-99.000000,-1,0
68475,618829,0.169826,40889.918197,40890.036735,1, 0, 0, 1,2.478735,-0.068385,-11.722406,-1,2
68475,618830,0.221579,40889.969951,40890.088489,1, 0, 0, 1,0.497460,1.245753,-19.215174,-1,2
68475,618831,0.343852,40890.092223,40890.210762,1, 0, 0, 1,1.305277,-6.316358,18.193882,-1,2
68475,618832,0.589098,40890.337469,40890.456008,0, 0, 0, 0,-99.000000,-99.000000,-99.000000,-1,1
68475,618833,0.821994,40890.570365,40890.688904,1, 0, 0, 1,-3.133228,-0.789000,15.624011,-1,2
68475,618834,0.991900,40890.740271,40890.858810,0, 0, 0, 0,-99.000000,-99.000000,-99.000000,-1,0
68475,618835,1.297540,40891.045909,40891.164450,0, 0, 0, 0,-99.000000,-99.000000,-99.000000,-1,0
68475,618836,1.326710,40891.075080,40891.193620,0, 0, 0, 0,-99.000000,-99.000000,-99.000000,-1,1
68475,618837,1.643380,40891.391749,40891.510290,1, 0, 0, 1,1.693331,-3.959994,9.252308,-1,2
68475,618838,1.760395,40891.508764,40891.627305,1, 0, 0, 1,-4.486716,-1.994075,-19.562222,-1,3
68475,618839,1.778676,40891.527044,40891.645586,0, 0, 0, 0,-99.000000,-99.000000,-99.000000,-1,0
68475,618840,1.816969,40891.565337,40891.683879,1, 0, 0, 1,-4.082275,-5.564736,19.384884,-1,2
68475,618841,1.885226,40891.633594,40891.752136,1, 0, 0, 1,-1.936460,6.975047,-15.482127,-1,2
68475,618842,1.939609,40891.687978,40891.806519,0, 0, 0, 0,-99.000000,-99.000000,-99.000000,-1,1
68475,618843,1.952704,40891.701073,40891.819614,1, 0, 0, 1,0.286312,5.951133,-13.504236,-1,2
68475,619101,0.220762,40920.329516,40920.448114,0, 0, 0, 0,-99.000000,-99.000000,-99.000000,-1,0
68475,619102,0.358492,40920.467245,40920.585844,1, 0, 0, 1,6.483730,3.309684,20.211784,-1,2
68475,619103,0.412843,40920.521597,40920.640195,0, 0, 0, 0,-99.000000,-99.000000,-99.000000,-1,1
68475,619104,0.420163,40920.528917,40920.647516,0, 0, 0, 0,-99.000000,-99.000000,-99.000000,-1,1
68475,619105,0.508668,40920.617421,40920.736020,1, 0, 0, 1,4.370690,-3.092491,-5.665061,-1,2
68475,619106,0.536938,40920.645692,40920.764291,1, 0, 0, 1,5.833222,2.788239,5.461493,-1,2
68475,619107,0.556626,40920.665379,40920.783978,0, 0, 0, 0,-99.000000,-99.000000,-99.000000,-1,1
68475,619108,0.654693,40920.763447,40920.882046,1, 0, 0, 1,-8.124189,0.063560,-9.230624,-1,2
68475,619109,0.788099,40920.896852,40921.015452,1, 0, 0, 1,0.075779,-2.209472,1.530506,-1,2
68475,619110,0.802407,40920.911159,40921.029759,1, 0, 0, 1,-2.154340,9.489658,4.624438,-1,2
68475,619111,0.867702,40920.976455,40921.095054,1, 0, 0, 1,6.031321,6.594778,-1.222225,-1,5
68475,619112,1.016955,40921.125708,40921.244307,1, 0, 0, 1,-4.636189,8.318673,21.859579,-1,2
68475,619113,1.018460,40921.127212,40921.245812,0, 0, 0, 0,-99.000000,-99.000000,-99.000000,-1,1
68475,619114,1.025576,40921.134329,40921.252928,0, 0, 0, 0,-99.000000,-99.000000,-99.000000,-1,0
68475,619115,1.082205,40921.190957,40921.309557,0, 0, 0, 0,-99.000000,-99.000000,-99.000000,-1,1
68475,619116,1.299811,40921.408563,40921.527164,0, 0, 0, 0,-99.000000,-99.000000,-99.000000,-1,0
68475,619117,1.344682,40921.453433,40921.572034,0, 0, 0, 0,-99.000000,-99.000000,-99.000000,-1,1
68475,619118,1.381193,40921.489945,40921.608545,1, 0, 0, 1,-2.707542,2.434670,8.474503,-1,2
68475,619119,1.384874,40921.493626,40921.612227,1, 0, 0, 1,-2.276185,5.650148,19.728747,-1,2
68475,619120,1.412318,40921.521070,40921.639670,1, 0, 0, 1,-4.656402,3.471437,-7.759779,-1,2
68475,619121,1.631788,40921.740539,40921.859140,1, 0, 0, 1,-5.595492,0.671311,-21.083137,-1,2
68475,619122,1.634788,40921.743539,40921.862140,1, 0, 0, 1,-4.973065,2.445423,-4.799195,-1,2
68475,619123,1.761682,40921.870433,40921.989034,1, 0, 0, 1,-4.558884,2.551784,2.953088,-1,2
68475,619124,1.761971,40921.870722,40921.989323,1, 0, 0, 1,-4.995485,-6.449832,15.573639,-1,5
68475,619125,1.978752,40922.087503,40922.206104,1, 0, 0, 1,-0.378247,6.671434,2.978637,-1,2
68475,619156,0.031466,40926.265502,40926.384112,1, 0, 0, 1,18.721114,-22.200110,-11.649181,-1,2
68475,619157,0.052058,40926.286093,40926.404703,0, 0, 0, 0,-99.000000,-99.000000,-99.000000,-1,0
68475,619158,0.135073,40926.369108,40926.487719,1, 0, 0, 1,1.443303,-2.149551,14.733806,-1,2
68475,619159,0.268393,40926.502428,40926.621038,1, 0, 0, 1,-5.090815,-9.298988,16.329805,-1,2
68475,619160,0.299011,40926.533046,40926.651656,0, 0, 0, 0,-99.000000,-99.000000,-99.000000,-1,1
68475,619161,0.516150,40926.750184,40926.868795,1, 0, 0, 1,-9.003374,-5.651470,-7.557098,-1,2
68475,619162,0.725834,40926.959868,40927.078480,0, 0, 0, 0,-99.000000,-99.000000,-99.000000,-1,1
68475,619163,0.858275,40927.092309,40927.210920,0, 0, 0, 0,-99.000000,-99.000000,-99.000000,-1,1
68475,619164,0.861975,40927.096009,40927.214620,0, 0, 0, 0,-99.000000,-99.000000,-99.000000,-1,1
68475,619165,0.923092,40927.157126,40927.275738,1, 0, 0, 1,-5.628261,-1.029316,7.069959,-1,2
68475,619166,1.005476,40927.239509,40927.358121,1, 0, 0, 1,-3.082545,8.781837,-13.198607,-1,2
68475,619167,1.031063,40927.265096,40927.383708,1, 0, 0, 1,0.078009,-7.499769,0.073029,-1,2
68475,619168,1.041644,40927.275677,40927.394289,1, 0, 0, 1,-1.274971,2.615411,-14.520926,-1,2
68475,619169,1.113848,40927.347882,40927.466494,1, 0, 0, 1,-0.040331,-2.201094,4.462439,-1,2
68475,619170,1.140681,40927.374714,40927.493326,0, 0, 0, 0,-99.000000,-99.000000,-99.000000,-1,1
68475,619171,1.227444,40927.461477,40927.580090,1, 0, 0, 1,4.423885,6.200886,7.620368,-1,2
68475,619172,1.362797,40927.596829,40927.715442,1, 0, 0, 1,-2.712690,-8.502496,-7.168629,-1,2
68475,619173,1.405761,40927.639793,40927.758406,1, 0, 0, 1,-1.993374,-3.444814,9.112102,-1,2
68475,619174,1.622441,40927.856473,40927.975086,0, 0, 0, 0,-99.000000,-99.000000,-99.000000,-1,1
68475,619175,1.636589,40927.870622,40927.989235,1, 0, 0, 1,4.235475,-3.981650,-12.498158,-1,3
68475,619176,1.675162,40927.909194,40928.027807,1, 0, 0, 1,-0.760339,-2.479422,4.388220,-1,2
68475,619177,1.678324,40927.912357,40928.030970,1, 0, 0, 1,-1.084973,4.757065,-16.095541,-1,2
68475,619178,1.986785,40928.220816,40928.339430,1, 0, 0, 1,7.311670,-1.365777,19.768812,-1,2
68475,619413,0.117620,40956.712038,40956.830708,0, 0, 0, 0,-99.000000,-99.000000,-99.000000,-1,1
68475,619414,0.348076,40956.942493,40957.061163,1, 0, 0, 1,3.727817,4.151869,-3.226143,-1,2
68475,619415,0.432766,40957.027183,40957.145854,0, 0, 0, 0,-99.000000,-99.000000,-99.000000,-1,1
68475,619416,0.592063,40957.186480,40957.305151,1, 0, 0, 1,6.619963,-3.327377,-5.463364,-1,2
68475,619417,0.673301,40957.267717,40957.386388,0, 0, 0, 0,-99.000000,-99.000000,-99.000000,-1,1
68475,619418,0.747654,40957.342070,40957.460741,1, 0, 0, 1,5.539390,-1.829691,17.063772,-1,2
68475,619419,0.807555,40957.401972,40957.520643,1, 0, 0, 1,-0.242556,3.536945,13.399339,-1,2
68475,619420,0.846532,40957.440948,40957.559620,0, 0, 0, 0,-99.000000,-99.000000,-99.000000,-1,0
68475,619421,0.993095,40957.587511,40957.706183,0, 0, 0, 0,-99.000000,-99.000000,-99.000000,-1,0
68475,619422,1.091046,40957.685462,40957.804134,1, 0, 0, 1,4.447359,3.943518,-15.943732,-1,2
68475,619423,1.148407,40957.742822,40957.861495,0, 0, 0, 0,-99.000000,-99.000000,-99.000000,-1,1
68475,619424,1.414974,40958.009389,40958.128062,1, 0, 0, 1,-1.802357,-1.556286,-0.836017,-1,2
68475,619425,1.438094,40958.032509,40958.151182,0, 0, 0, 0,-99.000000,-99.000000,-99.000000,-1,1
68475,619426,1.490215,40958.084630,40958.203303,0, 0, 0, 0,-99.000000,-99.000000,-99.000000,-1,0
68475,619427,1.509984,40958.104399,40958.223072,1, 0, 0, 1,1.268383,1.384725,-3.268480,-1,2
68475,619428,1.554439,40958.148854,40958.267527,1, 0, 0, 1,3.145180,0.686330,3.303788,-1,2
68475,619429,1.693570,40958.287985,40958.406658,1, 0, 0, 1,6.015281,0.006452,-17.141286,-1,2
68475,619430,1.826139,40958.420553,40958.539226,0, 0, 0, 0,-99.000000,-99.000000,-99.000000,-1,0
68475,619592,0.012864,40975.079883,40975.198590,1, 0, 0, 1,-2.928177,9.425165,8.591979,-1,2
68475,619593,0.193144,40975.260163,40975.378870,1, 0, 0, 1,-5.054652,0.870836,-6.914549,-1,2
68475,619594,0.238574,40975.305593,40975.424300,0, 0, 0, 0,-99.000000,-99.000000,-99.000000,-1,1
68475,619595,0.594184,40975.661203,40975.779910,1, 0, 0, 1,2.459654,-9.494452,-10.661132,-1,2
68475,619596,0.622959,40975.689977,40975.808685,1, 0, 0, 1,2.260876,-6.424723,5.656896,-1,2
68475,619597,0.627746,40975.694764,40975.813472,0, 0, 0, 0,-99.000000,-99.000000,-99.000000,-1,1
68475,619598,0.785586,40975.852604,40975.971312,0, 0, 0, 0,-99.000000,-99.000000,-99.000000,-1,1
68475,619599,0.873822,40975.940840,40976.059548,1, 0, 0, 1,-5.900565,1.939914,-13.764151,-1,2
68475,619600,0.926960,40975.993978,40976.112686,0, 0, 0, 0,-99.000000,-99.000000,-99.000000,-1,1
68475,619601,1.050086,40976.117103,40976.235812,0, 0, 0, 0,-99.000000,-99.000000,-99.000000,-1,0
68475,619602,1.058030,40976.125047,40976.243756,0, 0, 0, 0,-99.000000,-99.000000,-99.000000,-1,1
68475,619603,1.084990,40976.152007,40976.270716,1, 0, 0, 1,-0.714296,13.401014,12.666220,-1,2
68475,619604,1.117730,40976.184747,40976.303456,0, 0, 0, 0,-99.000000,-99.000000,-99.000000,-1,1
68475,619605,1.196349,40976.263366,40976.382075,0, 0, 0, 0,-99.000000,-99.000000,-99.000000,-1,1
68475,619606,1.216587,40976.283604,40976.402313,1, 0, 0, 1,-4.472748,-4.387363,2.590909,-1,2
68475,619607,1.428216,40976.495233,40976.613942,0, 0, 0, 0,-99.000000,-99.000000,-99.000000,-1,1
68475,619608,1.506199,40976.573215,40976.691925,1, 0, 0, 1,0.884426,0.766710,-12.352513,-1,2
68475,619609,1.535291,40976.602308,40976.721017,1, 0, 0, 1,-4.965474,2.593794,-5.009044,-1,2
68475,619610,1.687016,40976.754033,40976.872742,1, 0, 0, 1,-4.119547,-7.835606,-2.095827,-1,2
68475,619611,1.828034,40976.895050,40977.013760,0, 0, 0, 0,-99.000000,-99.000000,-99.000000,-1,0
68475,619612,1.918385,40976.985401,40977.104111,0, 0, 0, 0,-99.000000,-99.000000,-99.000000,-1,1
68475,619896,0.043949,41005.471351,41005.590117,0, 0, 0, 0,-99.000000,-99.000000,-99.000000,-1,1
68475,619897,0.179608,41005.607010,41005.725776,1, 0, 0, 1,6.960032,1.580780,-4.141468,-1,2
68475,619898,0.279855,41005.707257,41005.826024,1, 0, 0, 1,-0.886799,-7.838101,11.915617,-1,2
68475,619899,0.351125,41005.778527,41005.897294,1, 0, 0, 1,-4.650650,3.434782,-7.509172,-1,2
68475,619900,0.477528,41005.904929,41006.023696,0, 0, 0, 0,-99.000000,-99.000000,-99.000000,-1,1
68475,619901,0.492947,41005.920348,41006.039115,0, 0, 0, 0,-99.000000,-99.000000,-99.000000,-1,1
68475,619902,0.655467,41006.082868,41006.201635,0, 0, 0, 0,-99.000000,-99.000000,-99.000000,-1,1
68475,619903,0.845350,41006.272750,41006.391518,1, 0, 0, 1,-6.847027,2.471861,7.240715,-1,2
68475,619904,0.933222,41006.360622,41006.479390,1, 0, 0, 1,4.274939,-3.290289,8.437237,-1,2
68475,619905,1.141632,41006.569031,41006.687800,0, 0, 0, 0,-99.000000,-99.000000,-99.000000,-1,1
68475,619906,1.164973,41006.592373,41006.711142,1, 0, 0, 1,-3.900732,-1.091813,15.924902,-1,2
68475,619907,1.311524,41006.738923,41006.857692,0, 0, 0, 0,-99.000000,-99.000000,-99.000000,-1,1
68475,619908,1.380386,41006.807785,41006.926554,1, 0, 0, 1,-8.140934,1.071460,4.688817,-1,2
68475,619909,1.845196,41007.272594,41007.391364,0, 0, 0, 0,-99.000000,-99.000000,-99.000000,-1,0
68475,619910,1.866205,41007.293603,41007.412373,1, 0, 0, 1,-2.465634,2.155140,-0.515619,-1,2
68475,619911,2.018281,41007.445678,41007.564449,0, 0, 0, 0,-99.000000,-99.000000,-99.000000,-1,0
68475,619948,0.222186,41011.774859,41011.893638,1, 0, 0, 1,-6.257373,1.602417,1.656516,-1,2
68475,619949,0.355136,41011.907809,41012.026588,0, 0, 0, 0,-99.000000,-99.000000,-99.000000,-1,1
68475,619950,0.358420,41011.911093,41012.029872,0, 0, 0, 0,-99.000000,-99.000000,-99.000000,-1,0
68475,619951,0.442865,41011.995537,41012.114316,1, 0, 0, 1,-2.947619,8.312784,17.481192,-1,2
68475,619952,0.531109,41012.083781,41012.202561,1, 0, 0, 1,-2.063960,-6.162789,-13.255400,-1,2
68475,619953,0.629650,41012.182321,41012.301101,0, 0, 0, 0,-99.000000,-99.000000,-99.000000,-1,0
68475,619954,0.734635,41012.287307,41012.406087,1, 0, 0, 1,7.125324,2.460995,-2.893993,-1,2
68475,619955,0.855102,41012.407774,41012.526554,1, 0, 0, 1,-3.951378,-4.421562,1.183161,-1,2
68475,619956,0.866706,41012.419378,41012.538158,1, 0, 0, 1,4.885197,-4.970894,-12.588643,-1,10
68475,619957,0.885900,41012.438572,41012.557352,1, 0, 0, 1,5.478285,-0.244659,-2.144324,-1,2
68475,619958,0.893108,41012.445780,41012.564560,1, 0, 0, 1,-2.552036,-2.975543,-10.591023,-1,2
68475,619959,0.953069,41012.505741,41012.624521,1, 0, 0, 1,-2.877855,3.367716,-8.212804,-1,2
68475,619960,1.459276,41013.011946,41013.130728,1, 0, 0, 1,-5.560227,2.115757,-15.032995,-1,2
68475,619961,1.570362,41013.123032,41013.241814,0, 0, 0, 0,-99.000000,-99.000000,-99.000000,-1,1
68475,619962,1.570725,41013.123396,41013.242177,1, 0, 0, 1,-3.707580,-2.442022,-1.660489,-1,2
68475,619963,1.631234,41013.183904,41013.302686,0, 0, 0, 0,-99.000000,-99.000000,-99.000000,-1,1
68475,619964,1.692208,41013.244878,41013.363660,0, 0, 0, 0,-99.000000,-99.000000,-99.000000,-1,1
68475,619965,1.703443,41013.256113,41013.374895,0, 0, 0, 0,-99.000000,-99.000000,-99.000000,-1,0
68475,619966,1.766920,41013.319589,41013.438371,0, 0, 0, 0,-99.000000,-99.000000,-99.000000,-1,0
68475,620239,0.034084,41041.947140,41042.065978,0, 0, 0, 0,-99.000000,-99.000000,-99.000000,-1,1
68475,620240,0.166453,41042.079509,41042.198347,0, 0, 0, 0,-99.000000,-99.000000,-99.000000,-1,0
68475,620241,0.210999,41042.124054,41042.242893,0, 0, 0, 0,-99.000000,-99.000000,-99.000000,-1,1
68475,620242,0.356675,41042.269730,41042.388569,0, 0, 0, 0,-99.000000,-99.000000,-99.000000,-1,1
68475,620243,0.517575,41042.430630,41042.549470,0, 0, 0, 0,-99.000000,-99.000000,-99.000000,-1,0
68475,620244,0.517635,41042.430690,41042.549529,0, 0, 0, 0,-99.000000,-99.000000,-99.000000,-1,0
68475,620245,0.524390,41042.437445,41042.556285,0, 0, 0, 0,-99.000000,-99.000000,-99.000000,-1,0
68475,620246,0.527095,41042.440150,41042.558989,0, 0, 0, 0,-99.000000,-99.000000,-99.000000,-1,0
68475,620247,0.535050,41042.448105,41042.566944,0, 0, 0, 0,-99.000000,-99.000000,-99.000000,-1,0
68475,620248,0.551602,41042.464656,41042.583496,1, 0, 0, 1,-6.679004,-4.492311,13.052916,-1,2
68475,620249,0.623219,41042.536274,41042.655113,1, 0, 0, 1,-0.616162,0.746852,8.691404,-1,2
68475,620250,0.671531,41042.584586,41042.703426,1, 0, 0, 1,-4.391017,-2.401334,-6.804607,-1,2
68475,620251,0.712183,41042.625237,41042.744077,0, 0, 0, 0,-99.000000,-99.000000,-99.000000,-1,0
68475,620252,1.018060,41042.931114,41043.049954,0, 0, 0, 0,-99.000000,-99.000000,-99.000000,-1,1
68475,620253,1.059141,41042.972194,41043.091035,0, 0, 0, 0,-99.000000,-99.000000,-99.000000,-1,1
68475,620254,1.347955,41043.261008,41043.379849,0, 0, 0, 0,-99.000000,-99.000000,-99.000000,-1,1
68475,620255,1.493554,41043.406607,41043.525449,1, 0, 0, 1,2.085060,7.242477,11.801352,-1,2
68475,620256,1.533670,41043.446723,41043.565564,1, 0, 0, 1,5.995988,-3.694466,2.868948,-1,2
68475,620257,2.003743,41043.916795,41044.035637,0, 0, 0, 0,-99.000000,-99.000000,-99.000000,-1,1
68475,620425,0.065463,41060.486697,41060.605572,1, 0, 0, 1,4.372924,9.109112,-2.724006,-1,2
68475,620426,0.340479,41060.761712,41060.880588,0, 0, 0, 0,-99.000000,-99.000000,-99.000000,-1,1
68475,620427,0.545380,41060.966614,41061.085490,1, 0, 0, 1,3.130192,5.892752,-0.408646,-1,2
68475,620428,0.556654,41060.977888,41061.096764,1, 0, 0, 1,-6.452219,9.583236,-17.406115,-1,2
68475,620429,0.737790,41061.159023,41061.277899,1, 0, 0, 1,-0.944055,1.765755,-15.692329,-1,2
68475,620430,0.743260,41061.164493,41061.283370,1, 0, 0, 1,2.792069,3.519733,-11.774286,-1,2
68475,620431,0.969210,41061.390443,41061.509320,1, 0, 0, 1,-5.359868,5.946555,14.472669,-1,2
68475,620432,1.064999,41061.486232,41061.605109,0, 0, 0, 0,-99.000000,-99.000000,-99.000000,-1,1
68475,620433,1.099303,41061.520535,41061.639412,1, 0, 0, 1,7.378696,4.824435,6.464651,-1,2
68475,620434,1.103535,41061.524767,41061.643644,0, 0, 0, 0,-99.000000,-99.000000,-99.000000,-1,1
68475,620435,1.201233,41061.622465,41061.741342,1, 0, 0, 1,0.281082,-3.206565,11.661671,-1,2
68475,620436,1.538079,41061.959311,41062.078188,1, 0, 0, 1,2.956908,10.140759,1.035837,-1,2
68475,620437,1.932799,41062.354029,41062.472908,0, 0, 0, 0,-99.000000,-99.000000,-99.000000,-1,1
68475,620438,2.018450,41062.439680,41062.558559,1, 0, 0, 1,4.685006,0.231583,-9.654821,-1,2
68475,620698,0.074197,41090.855814,41090.974749,1, 0, 0, 1,-7.806716,0.881463,11.314866,-1,2
68475,620699,0.098470,41090.880086,41090.999021,0, 0, 0, 0,-99.000000,-99.000000,-99.000000,-1,0
68475,620700,0.140430,41090.922047,41091.040982,1, 0, 0, 1,-4.625118,-0.973884,15.014599,-1,2
68475,620701,0.140609,41090.922226,41091.041161,1, 0, 0, 1,3.755623,-5.106819,11.364588,-1,2
68475,620702,0.260696,41091.042312,41091.161247,1, 0, 0, 1,3.301505,0.334999,-9.964145,-1,2
68475,620703,0.319226,41091.100842,41091.219778,0, 0, 0, 0,-99.000000,-99.000000,-99.000000,-1,1
68475,620704,0.355792,41091.137408,41091.256344,1, 0, 0, 1,0.385685,-4.662252,-20.533731,-1,3
68475,620705,0.482470,41091.264086,41091.383022,1, 0, 0, 1,-2.391629,-6.116963,17.052561,-1,2
68475,620706,0.485934,41091.267550,41091.386486,1, 0, 0, 1,-6.986943,-1.186676,3.763489,-1,2
68475,620707,0.584923,41091.366539,41091.485475,1, 0, 0, 1,-9.363204,-4.949517,-4.330351,-1,2
68475,620708,0.617133,41091.398748,41091.517684,0, 0, 0, 0,-99.000000,-99.000000,-99.000000,-1,1
68475,620709,0.795798,41091.577413,41091.696350,1, 0, 0, 1,-8.526860,-2.362918,0.254565,-1,2
68475,620710,1.007871,41091.789486,41091.908423,1, 0, 0, 1,0.370801,0.936666,12.681036,-1,2
68475,620711,1.205472,41091.987087,41092.106024,1, 0, 0, 1,-8.506881,0.172182,5.831725,-1,2
68475,620712,1.247964,41092.029578,41092.148515,1, 0, 0, 1,2.754491,-1.093877,5.974317,-1,2
68475,620713,1.248989,41092.030603,41092.149541,0, 0, 0, 0,-99.000000,-99.000000,-99.000000,-1,1
68475,620714,1.384451,41092.166065,41092.285002,0, 0, 0, 0,-99.000000,-99.000000,-99.000000,-1,1
68475,620715,1.410359,41092.191973,41092.310911,1, 0, 0, 1,3.596915,-5.107090,9.226810,-1,2
68475,620716,1.423506,41092.205120,41092.324057,1, 0, 0, 1,8.349614,-0.078700,5.349489,-1,2
68475,620717,1.619556,41092.401169,41092.520107,1, 0, 0, 1,-4.140050,9.512829,9.686870,-1,2
68475,620718,1.683233,41092.464847,41092.583785,0, 0, 0, 0,-99.000000,-99.000000,-99.000000,-1,1
68475,620719,1.852463,41092.634076,41092.753014,0, 0, 0, 0,-99.000000,-99.000000,-99.000000,-1,0
68475,620720,1.868938,41092.650551,41092.769489,1, 0, 0, 1,8.464567,2.469963,-4.171387,-1,2
68475,620721,1.885309,41092.666922,41092.785860,0, 0, 0, 0,-99.000000,-99.000000,-99.000000,-1,1
68475,620767,0.004122,41096.910962,41097.029909,0, 0, 0, 0,-99.000000,-99.000000,-99.000000,-1,1
68475,620768,0.014381,41096.921220,41097.040167,0, 0, 0, 0,-99.000000,-99.000000,-99.000000,-1,1
68475,620769,0.086004,41096.992843,41097.111790,0, 0, 0, 0,-99.000000,-99.000000,-99.000000,-1,1
68475,620770,0.178574,41097.085414,41097.204361,0, 0, 0, 0,-99.000000,-99.000000,-99.000000,-1,1
68475,620771,0.269981,41097.176820,41097.295767,1, 0, 0, 1,-3.997590,-6.498565,16.087217,-1,2
68475,620772,0.326190,41097.233029,41097.351976,1, 0, 0, 1,-0.343552,-1.157607,-14.879312,-1,2
68475,620773,0.326712,41097.233551,41097.352499,1, 0, 0, 1,6.846723,0.600984,-13.913534,-1,2
68475,620774,0.338724,41097.245562,41097.364510,0, 0, 0, 0,-99.000000,-99.000000,-99.000000,-1,1
68475,620775,0.499282,41097.406120,41097.525068,1, 0, 0, 1,8.364246,-10.293700,-4.986467,-1,2
68475,620776,0.750788,41097.657626,41097.776574,1, 0, 0, 1,-9.580367,-0.841165,-0.320839,-1,2
68475,620777,0.756315,41097.663153,41097.782101,1, 0, 0, 1,4.682996,3.832796,19.101415,-1,2
68475,620778,0.778468,41097.685306,41097.804255,1, 0, 0, 1,5.147441,5.727914,15.792205,-1,2
68475,620779,0.800966,41097.707804,41097.826753,1, 0, 0, 1,-2.685814,5.746282,14.352254,-1,2
68475,620780,0.906852,41097.813690,41097.932638,1, 0, 0, 1,-1.526484,-0.839590,-14.502756,-1,2
68475,620781,0.936412,41097.843250,41097.962198,0, 0, 0, 0,-99.000000,-99.000000,-99.000000,-1,0
68475,620782,0.985167,41097.892004,41098.010953,1, 0, 0, 1,7.474730,0.729449,-15.317905,-1,2
68475,620783,1.032995,41097.939833,41098.058782,1, 0, 0, 1,-2.436599,-7.147059,19.775828,-1,2
68475,620784,1.048268,41097.955105,41098.074054,0, 0, 0, 0,-99.000000,-99.000000,-99.000000,-1,1
68475,620785,1.052183,41097.959021,41098.077970,0, 0, 0, 0,-99.000000,-99.000000,-99.000000,-1,0
68475,620786,1.052740,41097.959577,41098.078526,0, 0, 0, 0,-99.000000,-99.000000,-99.000000,-1,1
68475,620787,1.246378,41098.153215,41098.272164,1, 0, 0, 1,-5.814499,9.167750,-8.890946,-1,2
68475,620788,1.319103,41098.225940,41098.344889,0, 0, 0, 0,-99.000000,-99.000000,-99.000000,-1,0
68475,620789,1.473809,41098.380645,41098.499595,0, 0, 0, 0,-99.000000,-99.000000,-99.000000,-1,1
68475,620790,1.655348,41098.562184,41098.681134,0, 0, 0, 0,-99.000000,-99.000000,-99.000000,-1,0
68475,620791,1.700547,41098.607383,41098.726333,1, 0, 0, 1,-0.575957,-3.200436,-9.874262,-1,2
68475,620792,1.708061,41098.614898,41098.733848,1, 0, 0, 1,-5.386674,-2.494088,-11.680552,-1,2
68475,620793,1.856261,41098.763097,41098.882047,1, 0, 0, 1,-5.358680,-1.867819,5.854757,-1,2
68475,620794,1.947400,41098.854236,41098.973186,1, 0, 0, 1,-5.366366,-4.436853,8.037803,-1,2
68475,621039,0.048466,41127.315688,41127.434694,0, 0, 0, 0,-99.000000,-99.000000,-99.000000,-1,0
68475,621040,0.140016,41127.407238,41127.526245,1, 0, 0, 1,-2.112290,-0.254357,-4.633314,-1,2
68475,621041,0.313980,41127.581201,41127.700209,1, 0, 0, 1,-7.992050,-0.734344,-18.409871,-1,2
68475,621042,0.480473,41127.747695,41127.866702,1, 0, 0, 1,-4.488537,-8.082927,6.258498,-1,2
68475,621043,0.494066,41127.761288,41127.880295,1, 0, 0, 1,9.551228,5.266873,-9.912892,-1,4
68475,621044,0.521938,41127.789159,41127.908167,0, 0, 0, 0,-99.000000,-99.000000,-99.000000,-1,1
68475,621045,0.586392,41127.853613,41127.972621,1, 0, 0, 1,5.045643,-9.358979,-17.070188,-1,2
68475,621046,0.646923,41127.914144,41128.033152,1, 0, 0, 1,3.618680,3.206390,-18.699913,-1,2
68475,621047,0.689019,41127.956239,41128.075248,1, 0, 0, 1,-1.109516,3.128899,11.746218,-1,2
68475,621048,0.719774,41127.986995,41128.106003,0, 0, 0, 0,-99.000000,-99.000000,-99.000000,-1,1
68475,621049,0.820513,41128.087734,41128.206742,1, 0, 0, 1,4.907959,3.693256,-14.073095,-1,2
68475,621050,1.235074,41128.502294,41128.621303,1, 0, 0, 1,-6.079725,5.382839,13.943920,-1,2
68475,621051,1.320097,41128.587316,41128.706326,1, 0, 0, 1,6.260184,4.705174,-16.302688,-1,3
68475,621052,1.399192,41128.666412,41128.785421,0, 0, 0, 0,-99.000000,-99.000000,-99.000000,-1,0
68475,621053,1.532879,41128.800098,41128.919108,1, 0, 0, 1,5.885293,-1.160419,6.678657,-1,2
68475,621054,1.574942,41128.842160,41128.961170,0, 0, 0, 0,-99.000000,-99.000000,-99.000000,-1,1
68475,621055,1.820788,41129.088006,41129.207017,1, 0, 0, 1,-5.386488,0.889794,-16.092148,-1,2
68475,621056,1.920407,41129.187625,41129.306635,1, 0, 0, 1,9.085817,0.099794,13.877037,-1,2
68475,621057,1.974749,41129.241967,41129.360978,1, 0, 0, 1,0.241619,5.300650,15.295796,-1,2
68475,621058,1.975924,41129.243143,41129.362153,0, 0, 0, 0,-99.000000,-99.000000,-99.000000,-1,1
68475,621059,1.999300,41129.266518,41129.385529,1, 0, 0, 1,-3.169895,5.348252,-6.564434,-1,2
68475,621197,0.019022,41145.789701,41145.908744,1, 0, 0, 1,-1.931218,-5.000455,7.408891,-1,2
68475,621198,0.107332,41145.878011,41145.997054,1, 0, 0, 1,7.403681,-1.084943,-11.231179,-1,2
68475,621199,0.192782,41145.963461,41146.082504,1, 0, 0, 1,-2.703572,1.985454,-2.505294,-1,2
68475,621200,0.458868,41146.229546,41146.348590,1, 0, 0, 1,2.181793,9.999981,6.026239,-1,4
68475,621201,0.750388,41146.521065,41146.640110,1, 0, 0, 1,5.340834,-10.501846,-4.153286,-1,2
68475,621202,0.764681,41146.535358,41146.654403,0, 0, 0, 0,-99.000000,-99.000000,-99.000000,-1,1
68475,621203,0.775098,41146.545776,41146.664820,1, 0, 0, 1,9.177212,-0.613711,-14.172607,-1,2
68475,621204,0.795184,41146.565861,41146.684906,0, 0, 0, 0,-99.000000,-99.000000,-99.000000,-1,1
68475,621205,1.053235,41146.823912,41146.942957,0, 0, 0, 0,-99.000000,-99.000000,-99.000000,-1,1
68475,621206,1.114449,41146.885125,41147.004170,1, 0, 0, 1,5.325062,1.962205,2.186054,-1,6
68475,621207,1.315812,41147.086488,41147.205534,1, 1, 1, 1,-0.798778,2.380942,21.593385,-1,3
68475,621208,1.455704,41147.226380,41147.345426,1, 0, 0, 1,-3.365591,0.394218,17.611043,-1,2
68475,621209,1.936518,41147.707193,41147.826240,1, 0, 0, 1,-4.075723,2.152499,-15.375827,-1,2
68475,621460,0.083357,41176.214418,41176.333521,1, 0, 0, 1,-6.603975,-0.299966,3.663584,-1,2
68475,621461,0.198824,41176.329885,41176.448988,1, 0, 0, 1,-7.961483,3.817705,-10.196700,-1,2
68475,621462,0.351283,41176.482343,41176.601447,1, 1, 0, 1,1.234161,3.206474,4.588871,-1,5
68475,621463,0.378804,41176.509865,41176.628969,0, 0, 0, 0,-99.000000,-99.000000,-99.000000,-1,0
68475,621464,0.442386,41176.573447,41176.692550,0, 0, 0, 0,-99.000000,-99.000000,-99.000000,-1,1
68475,621465,0.532795,41176.663856,41176.782960,1, 0, 0, 1,1.978927,2.963233,-15.848959,-1,2
68475,621466,0.574985,41176.706045,41176.825149,1, 0, 0, 1,8.314321,2.305845,-5.764263,-1,2
68475,621467,0.673161,41176.804221,41176.923325,1, 0, 0, 1,3.494958,-6.436634,14.521444,-1,2
68475,621468,0.842085,41176.973144,41177.092249,0, 0, 0, 0,-99.000000,-99.000000,-99.000000,-1,1
68475,621469,0.846342,41176.977402,41177.096507,0, 0, 0, 0,-99.000000,-99.000000,-99.000000,-1,1
68475,621470,0.911288,41177.042348,41177.161452,0, 0, 0, 0,-99.000000,-99.000000,-99.000000,-1,0
68475,621471,0.926926,41177.057986,41177.177091,1, 0, 0, 1,4.038156,-5.250675,2.208311,-1,2
68475,621472,1.009696,41177.140756,41177.259861,0, 0, 0, 0,-99.000000,-99.000000,-99.000000,-1,1
68475,621473,1.096270,41177.227330,41177.346435,1, 0, 0, 1,-1.964868,3.146932,-1.661726,-1,2
68475,621474,1.107676,41177.238736,41177.357841,0, 0, 0, 0,-99.000000,-99.000000,-99.000000,-1,1
68475,621475,1.199306,41177.330365,41177.449470,1, 0, 0, 1,0.169421,-0.705087,7.361929,-1,2
68475,621476,1.224172,41177.355231,41177.474337,0, 0, 0, 0,-99.000000,-99.000000,-99.000000,-1,1
68475,621477,1.328644,41177.459703,41177.578809,1, 0, 0, 1,7.279296,-3.426651,2.766754,-1,2
68475,621478,1.453448,41177.584506,41177.703612,1, 0, 0, 1,-7.013012,-0.142274,10.004330,-1,2
68475,621479,1.480459,41177.611518,41177.730623,0, 0, 0, 0,-99.000000,-99.000000,-99.000000,-1,1
68475,621480,1.631942,41177.763000,41177.882106,0, 0, 0, 0,-99.000000,-99.000000,-99.000000,-1,1
68475,621481,1.639926,41177.770984,41177.890090,0, 0, 0, 0,-99.000000,-99.000000,-99.000000,-1,1
68475,621482,1.678204,41177.809262,41177.928368,0, 0, 0, 0,-99.000000,-99.000000,-99.000000,-1,1
68475,621483,1.777274,41177.908332,41178.027438,1, 0, 0, 1,-7.623109,0.130500,17.509441,-1,2
68475,621484,1.964722,41178.095779,41178.214886,1, 0, 0, 1,-7.133813,-3.600813,7.040402,-1,2
68475,621522,0.229837,41182.486246,41182.605362,1, 0, 0, 1,4.346760,8.067020,3.816655,-1,2
68475,621523,0.288318,41182.544728,41182.663843,0, 0, 0, 0,-99.000000,-99.000000,-99.000000,-1,1
68475,621524,0.291067,41182.547476,41182.666592,0, 0, 0, 0,-99.000000,-99.000000,-99.000000,-1,1
68475,621525,0.399801,41182.656211,41182.775326,1, 0, 0, 1,8.290760,5.540893,7.010098,-1,3
68475,621526,0.621782,41182.878191,41182.997307,1, 0, 0, 1,1.986577,-4.899023,7.109945,-1,2
68475,621527,0.679358,41182.935767,41183.054883,1, 0, 0, 1,-6.442891,-4.193341,8.199192,-1,2
68475,621528,0.715183,41182.971591,41183.090708,1, 0, 0, 1,-1.593172,8.520978,-5.209590,-1,2
68475,621529,0.715646,41182.972055,41183.091171,0, 0, 0, 0,-99.000000,-99.000000,-99.000000,-1,0
68475,621530,0.901772,41183.158180,41183.277297,1, 0, 0, 1,-3.810986,-7.433465,-9.900958,-1,2
68475,621531,1.067695,41183.324103,41183.443220,1, 0, 0, 1,4.648584,-1.878139,0.669256,-1,2
68475,621532,1.130836,41183.387244,41183.506361,0, 0, 0, 0,-99.000000,-99.000000,-99.000000,-1,0
68475,621533,1.263213,41183.519620,41183.638738,1, 0, 0, 1,1.662635,-4.475022,-1.913940,-1,2
68475,621534,1.302366,41183.558774,41183.677891,0, 0, 0, 0,-99.000000,-99.000000,-99.000000,-1,0
68475,621535,1.367710,41183.624118,41183.743235,0, 0, 0, 0,-99.000000,-99.000000,-99.000000,-1,1
68475,621536,1.415738,41183.672145,41183.791263,0, 0, 0, 0,-99.000000,-99.000000,-99.000000,-1,0
68475,621537,1.450031,41183.706439,41183.825556,1, 0, 0, 1,6.372565,3.612385,12.792892,-1,2
68475,621538,1.484576,41183.740983,41183.860101,1, 0, 0, 1,3.156728,2.905015,8.833361,-1,2
68475,621539,1.593510,41183.849917,41183.969035,0, 0, 0, 0,-99.000000,-99.000000,-99.000000,-1,0
68475,621540,2.012296,41184.268702,41184.387821,0, 0, 0, 0,-99.000000,-99.000000,-99.000000,-1,1
68475,621541,2.014385,41184.270791,41184.389910,1, 0, 0, 1,-4.933125,-1.195812,12.228909,-1,2
68475,621542,2.015264,41184.271670,41184.390789,0, 0, 0, 0,-99.000000,-99.000000,-99.000000,-1,1
68475,621793,0.037885,41212.654677,41212.773852,1, 0, 0, 1,2.666282,8.625128,-16.356291,-1,2
68475,621794,0.038468,41212.655261,41212.774436,1, 0, 0, 1,3.520220,2.370511,0.061751,-1,2
68475,621795,0.090512,41212.707305,41212.826480,0, 0, 0, 0,-99.000000,-99.000000,-99.000000,-1,1
68475,621796,0.156942,41212.773735,41212.892909,1, 0, 0, 1,-0.671257,-3.094832,6.797501,-1,2
68475,621797,0.198604,41212.815397,41212.934572,1, 0, 0, 1,3.042401,-7.810160,-1.643734,-1,2
68475,621798,0.205156,41212.821948,41212.941123,1, 0, 0, 1,6.522029,0.805515,-17.940357,-1,2
68475,621799,0.241136,41212.857928,41212.977103,1, 0, 0, 1,6.260239,-0.880399,14.271064,-1,2
68475,621800,0.269005,41212.885797,41213.004972,0, 0, 0, 0,-99.000000,-99.000000,-99.000000,-1,0
68475,621801,0.478555,41213.095347,41213.214523,0, 0, 0, 0,-99.000000,-99.000000,-99.000000,-1,0
68475,621802,0.508393,41213.125185,41213.244360,0, 0, 0, 0,-99.000000,-99.000000,-99.000000,-1,0
68475,621803,0.517760,41213.134552,41213.253727,1, 0, 0, 1,-3.927460,6.564166,-2.286050,-1,2
68475,621804,0.619952,41213.236744,41213.355920,1, 0, 0, 1,5.459358,1.718090,5.101629,-1,2
68475,621805,0.637620,41213.254412,41213.373587,0, 0, 0, 0,-99.000000,-99.000000,-99.000000,-1,1
68475,621806,0.803767,41213.420558,41213.539734,1, 0, 0, 1,1.637514,2.026542,6.201957,-1,2
68475,621807,0.870498,41213.487290,41213.606466,1, 0, 0, 1,2.201802,1.962653,-7.345445,-1,2
68475,621808,1.022920,41213.639711,41213.758887,0, 0, 0, 0,-99.000000,-99.000000,-99.000000,-1,1
68475,621809,1.075565,41213.692355,41213.811532,0, 0, 0, 0,-99.000000,-99.000000,-99.000000,-1,1
68475,621810,1.213206,41213.829996,41213.949173,1, 0, 0, 1,-3.448170,-2.436018,-15.190752,-1,2
68475,621811,1.287860,41213.904650,41214.023827,1, 0, 0, 1,-8.262016,-3.583839,-5.804587,-1,2
68475,621812,1.296528,41213.913319,41214.032496,0, 0, 0, 0,-99.000000,-99.000000,-99.000000,-1,0
68475,621813,1.331379,41213.948169,41214.067346,1, 0, 0, 1,-5.775122,5.581065,-7.385319,-1,2
68475,621814,1.374999,41213.991790,41214.110967,1, 0, 0, 1,-10.699903,9.688448,-9.978876,-1,2
68475,621815,1.574392,41214.191182,41214.310360,0, 0, 0, 0,-99.000000,-99.000000,-99.000000,-1,0
68475,621816,1.697722,41214.314511,41214.433689,1, 0, 0, 1,-0.277507,-9.003563,11.081059,-1,2
68475,621817,1.820972,41214.437761,41214.556939,0, 0, 0, 0,-99.000000,-99.000000,-99.000000,-1,0
68475,621976,0.052181,41231.190705,41231.309916,0, 0, 0, 0,-99.000000,-99.000000,-99.000000,-1,0
68475,621977,0.471722,41231.610245,41231.729457,0, 0, 0, 0,-99.000000,-99.000000,-99.000000,-1,0
68475,621978,0.620328,41231.758850,41231.878063,1, 0, 0, 1,-2.339689,0.953868,15.401967,-1,2
68475,621979,0.695064,41231.833587,41231.952799,0, 0, 0, 0,-99.000000,-99.000000,-99.000000,-1,1
68475,621980,0.769424,41231.907946,41232.027159,0, 0, 0, 0,-99.000000,-99.000000,-99.000000,-1,1
68475,621981,1.043316,41232.181838,41232.301051,1, 0, 0, 1,-8.848587,-0.103054,-16.997469,-1,4
68475,621982,1.124039,41232.262561,41232.381774,0, 0, 0, 0,-99.000000,-99.000000,-99.000000,-1,1
68475,621983,1.145405,41232.283927,41232.403140,1, 0, 0, 1,8.311779,-0.854031,-1.627021,-1,2
68475,621984,1.244155,41232.382677,41232.501890,1, 0, 0, 1,-5.130288,5.370753,-3.839355,-1,2
68475,621985,1.273444,41232.411966,41232.531179,1, 0, 0, 1,2.855459,-1.295948,-16.849811,-1,2
68475,621986,1.360349,41232.498871,41232.618084,0, 0, 0, 0,-99.000000,-99.000000,-99.000000,-1,1
68475,621987,1.437430,41232.575951,41232.695165,0, 0, 0, 0,-99.000000,-99.000000,-99.000000,-1,0
68475,621988,1.540775,41232.679296,41232.798510,1, 0, 0, 1,4.281642,4.392371,-15.821410,-1,2
68475,621989,1.584020,41232.722541,41232.841755,1, 0, 0, 1,-0.400939,10.135088,-9.524370,-1,2
68475,621990,1.766193,41232.904713,41233.023928,1, 0, 0, 1,3.355325,-4.431704,10.763333,-1,2
68475,621991,1.995956,41233.134476,41233.253691,1, 0, 0, 1,-5.266393,0.266794,-10.298247,-1,2
68475,622247,0.115822,41261.614728,41261.733999,1, 0, 0, 1,6.434911,0.496640,12.409373,-1,2
68475,622248,0.139707,41261.638613,41261.757884,0, 0, 0, 0,-99.000000,-99.000000,-99.000000,-1,1
68475,622249,0.473871,41261.972777,41262.092049,0, 0, 0, 0,-99.000000,-99.000000,-99.000000,-1,1
68475,622250,0.994964,41262.493868,41262.613141,0, 0, 0, 0,-99.000000,-99.000000,-99.000000,-1,1
68475,622251,1.041677,41262.540582,41262.659855,1, 0, 0, 1,5.579889,1.537413,17.515062,-1,2
68475,622252,1.075409,41262.574313,41262.693586,1, 0, 0, 1,2.475887,8.201557,-16.079865,-1,4
68475,622253,1.079897,41262.578801,41262.698074,0, 0, 0, 0,-99.000000,-99.000000,-99.000000,-1,1
68475,622254,1.106661,41262.605565,41262.724839,0, 0, 0, 0,-99.000000,-99.000000,-99.000000,-1,1
68475,622255,1.177460,41262.676364,41262.795637,1, 0, 0, 1,-5.134470,5.577794,18.436776,-1,2
68475,622256,1.508525,41263.007428,41263.126702,1, 0, 0, 1,-8.877344,4.594455,0.553900,-1,2
68475,622257,1.531082,41263.029986,41263.149260,1, 0, 0, 1,4.166293,-0.065846,-19.209957,-1,2
68475,622258,1.590543,41263.089447,41263.208721,1, 0, 0, 1,-6.601596,5.119397,15.681327,-1,2
68475,622259,1.605867,41263.104770,41263.224044,0, 0, 0, 0,-99.000000,-99.000000,-99.000000,-1,0
68475,622260,1.619992,41263.118896,41263.238170,1, 0, 0, 1,-3.138033,0.819144,-8.455888,-1,2
68475,622261,1.628102,41263.127006,41263.246280,1, 1, 0, 1,1.657993,1.351516,-0.604315,-1,4
68475,622262,1.731748,41263.230651,41263.349926,1, 0, 0, 1,6.676650,2.803966,-5.971003,-1,2
68475,622263,1.735689,41263.234592,41263.353866,1, 0, 0, 1,-2.101727,4.384628,-4.616470,-1,2
68475,622264,1.768657,41263.267560,41263.386834,1, 0, 0, 1,6.288481,-1.055851,-8.213229,-1,2
68475,622265,1.908493,41263.407396,41263.526671,0, 0, 0, 0,-99.000000,-99.000000,-99.000000,-1,1
68475,622266,1.973861,41263.472763,41263.592038,1, 0, 0, 1,7.370691,3.390964,0.671341,-1,2
68475,622303,0.247138,41267.871227,41267.990511,0, 0, 0, 0,-99.000000,-99.000000,-99.000000,-1,1
68475,622304,0.552339,41268.176428,41268.295713,1, 0, 0, 1,3.236468,8.310246,-5.883583,-1,2
68475,622305,0.566777,41268.190866,41268.310151,1, 0, 0, 1,7.589312,6.241006,-0.799759,-1,2
68475,622306,0.713080,41268.337169,41268.456453,0, 0, 0, 0,-99.000000,-99.000000,-99.000000,-1,1
68475,622307,0.737217,41268.361306,41268.480591,1, 0, 0, 1,-5.125930,-1.247891,-4.756176,-1,2
68475,622308,0.845543,41268.469632,41268.588917,0, 0, 0, 0,-99.000000,-99.000000,-99.000000,-1,1
68475,622309,0.899973,41268.524061,41268.643346,1, 0, 0, 1,-0.753865,-6.046415,13.235635,-1,2
68475,622310,0.987068,41268.611157,41268.730442,0, 0, 0, 0,-99.000000,-99.000000,-99.000000,-1,0
68475,622311,1.194952,41268.819040,41268.938325,1, 0, 0, 1,4.157396,-5.573812,18.947902,-1,2
68475,622312,1.208103,41268.832191,41268.951477,1, 0, 0, 1,-0.596558,-3.413264,17.820834,-1,2
68475,622313,1.296516,41268.920603,41269.039889,1, 0, 0, 1,-6.357487,1.012824,-16.016663,-1,2
68475,622314,1.305201,41268.929288,41269.048574,0, 0, 0, 0,-99.000000,-99.000000,-99.000000,-1,1
68475,622315,1.487161,41269.111249,41269.230535,1, 0, 0, 1,3.430223,-3.346945,-13.242019,-1,2
68475,622316,1.503467,41269.127555,41269.246841,1, 0, 0, 1,3.379106,-5.838722,19.376621,-1,2
68475,622317,1.509818,41269.133905,41269.253191,1, 0, 0, 1,-2.689719,9.035423,10.530111,-1,2
68475,622318,1.860794,41269.484880,41269.604167,1, 0, 0, 1,1.108829,3.038711,5.119631,-1,2
68475,622319,1.980277,41269.604364,41269.723651,1, 0, 0, 1,7.934073,0.342550,-4.406537,-1,2
68475,622627,0.058687,41298.043160,41298.162503,0, 0, 0, 0,-99.000000,-99.000000,-99.000000,-1,1
68475,622628,0.157997,41298.142470,41298.261813,1, 0, 0, 1,-4.820980,-4.008737,-8.758584,-1,2
68475,622629,0.175999,41298.160472,41298.279815,1, 0, 0, 1,8.538117,1.755876,-7.249504,-1,2
68475,622630,0.187466,41298.171939,41298.291282,1, 0, 0, 1,-0.817243,3.991887,-15.084221,-1,2
68475,622631,0.325795,41298.310267,41298.429610,1, 0, 0, 1,-3.493306,-2.620252,-20.085057,-1,2
68475,622632,0.379956,41298.364428,41298.483772,1, 0, 0, 1,-1.689876,7.321828,10.915266,-1,2
68475,622633,0.679509,41298.663981,41298.783325,0, 0, 0, 0,-99.000000,-99.000000,-99.000000,-1,1
68475,622634,0.912751,41298.897223,41299.016567,0, 0, 0, 0,-99.000000,-99.000000,-99.000000,-1,1
68475,622635,1.103245,41299.087716,41299.207061,1, 0, 0, 1,3.572524,-4.026595,-4.506716,-1,2
68475,622636,1.137285,41299.121756,41299.241101,0, 0, 0, 0,-99.000000,-99.000000,-99.000000,-1,0
68475,622637,1.154621,41299.139092,41299.258437,0, 0, 0, 0,-99.000000,-99.000000,-99.000000,-1,0
68475,622638,1.207418,41299.191889,41299.311234,0, 0, 0, 0,-99.000000,-99.000000,-99.000000,-1,1
68475,622639,1.347386,41299.331856,41299.451202,1, 0, 0, 1,0.191530,-9.935499,22.751060,-1,2
68475,622640,1.362360,41299.346830,41299.466176,1, 0, 0, 1,1.781498,2.982567,-13.672086,-1,2
68475,622641,1.411826,41299.396296,41299.515642,0, 0, 0, 0,-99.000000,-99.000000,-99.000000,-1,0
68475,622642,1.421620,41299.406090,41299.525436,1, 0, 0, 1,-0.461899,6.642853,16.574416,-1,2
68475,622643,1.449807,41299.434277,41299.553623,0, 0, 0, 0,-99.000000,-99.000000,-99.000000,-1,0
68475,622644,1.866628,41299.851098,41299.970444,1, 0, 0, 1,5.092042,1.254310,-17.070209,-1,3
68475,622792,0.206688,41316.687468,41316.806847,1, 0, 0, 1,7.265392,-1.214566,-6.168943,-1,2
68475,622793,0.356779,41316.837559,41316.956938,1, 0, 0, 1,9.044416,-3.315018,-11.895073,-1,2
68475,622794,0.594234,41317.075014,41317.194394,1, 0, 0, 1,-2.683356,1.928149,14.292212,-1,2
68475,622795,0.692841,41317.173620,41317.293000,1, 0, 0, 1,-2.362468,-6.148765,9.700662,-1,8
68475,622796,0.809975,41317.290753,41317.410134,0, 0, 0, 0,-99.000000,-99.000000,-99.000000,-1,0
68475,622797,0.862829,41317.343607,41317.462988,1, 0, 0, 1,-7.288165,2.539344,14.769910,-1,2
68475,622798,0.927305,41317.408084,41317.527465,0, 0, 0, 0,-99.000000,-99.000000,-99.000000,-1,0
68475,622799,1.030089,41317.510868,41317.630249,1, 0, 0, 1,-2.283737,-4.964517,7.172853,-1,2
68475,622800,1.067365,41317.548143,41317.667524,0, 0, 0, 0,-99.000000,-99.000000,-99.000000,-1,0
68475,622801,1.096094,41317.576872,41317.696253,1, 0, 0, 1,-0.231793,-3.781661,-4.442332,-1,2
68475,622802,1.258805,41317.739583,41317.858965,1, 0, 0, 1,3.749131,-4.727781,2.468730,-1,2
68475,622803,1.290492,41317.771270,41317.890651,0, 0, 0, 0,-99.000000,-99.000000,-99.000000,-1,0
68475,622804,1.295895,41317.776673,41317.896055,1, 0, 0, 1,-2.651835,8.833346,-7.041197,-1,2
68475,622805,1.452811,41317.933588,41318.052970,0, 0, 0, 0,-99.000000,-99.000000,-99.000000,-1,1
68475,622806,1.485959,41317.966736,41318.086118,1, 0, 0, 1,0.165730,-9.099090,-1.374123,-1,3
68475,622807,1.799332,41318.280108,41318.399491,1, 0, 0, 1,9.046096,-2.921903,3.949120,-1,2
68475,622808,1.960009,41318.440785,41318.560168,0, 0, 0, 0,-99.000000,-99.000000,-99.000000,-1,0
68475,623062,0.790118,41347.631279,41347.750720,0, 0, 0, 0,-99.000000,-99.000000,-99.000000,-1,0
68475,623063,0.889304,41347.730465,41347.849906,1, 0, 0, 1,-0.105127,0.011843,14.665558,-1,2
68475,623064,0.945465,41347.786626,41347.906067,0, 0, 0, 0,-99.000000,-99.000000,-99.000000,-1,0
68475,623065,1.055492,41347.896653,41348.016094,1, 0, 0, 1,-1.624776,-1.406709,18.474037,-1,2
68475,623066,1.064903,41347.906064,41348.025505,0, 0, 0, 0,-99.000000,-99.000000,-99.000000,-1,1
68475,623067,1.224371,41348.065532,41348.184973,1, 0, 0, 1,2.530371,-3.333100,-10.886651,-1,2
68475,623068,1.313862,41348.155022,41348.274464,1, 0, 0, 1,-2.015365,3.344606,-0.561297,-1,2
68475,623069,1.699207,41348.540367,41348.659809,0, 0, 0, 0,-99.000000,-99.000000,-99.000000,-1,1
68475,623070,1.941597,41348.782757,41348.902200,0, 0, 0, 0,-99.000000,-99.000000,-99.000000,-1,1
68475,623071,1.989767,41348.830926,41348.950369,0, 0, 0, 0,-99.000000,-99.000000,-99.000000,-1,1
68475,623101,0.055888,41353.022377,41353.141828,1, 0, 0, 1,3.590706,9.873450,15.588140,-1,2
68475,623102,0.096083,41353.062572,41353.182023,1, 0, 0, 1,-0.749736,4.842090,-22.123446,-1,2
68475,623103,0.126574,41353.093063,41353.212514,1, 0, 0, 1,-2.982993,8.569015,-14.250068,-1,2
68475,623104,0.450242,41353.416730,41353.536182,1, 0, 0, 1,3.940235,5.549125,13.383635,-1,2
68475,623105,0.738422,41353.704910,41353.824363,0, 0, 0, 0,-99.000000,-99.000000,-99.000000,-1,1
68475,623106,0.742850,41353.709337,41353.828790,1, 0, 0, 1,7.443805,-0.211564,-7.947839,-1,2
68475,623107,0.967345,41353.933832,41354.053285,0, 0, 0, 0,-99.000000,-99.000000,-99.000000,-1,1
68475,623108,1.506322,41354.472808,41354.592262,1, 0, 0, 1,3.213671,-3.049010,-8.114302,-1,2
68475,623109,1.917281,41354.883766,41355.003221,1, 0, 0, 1,7.646100,2.000079,11.008809,-1,2
68475,623110,1.925662,41354.892147,41355.011603,1, 0, 0, 1,-1.044512,-1.672787,10.197837,-1,2
68475,623111,2.002911,41354.969396,41355.088851,1, 0, 0, 1,4.167847,-9.999981,-16.164474,-1,5
68475,623406,0.024517,41383.351388,41383.470899,1, 0, 0, 1,7.268777,2.321574,-3.706734,-1,2
68475,623407,0.154530,41383.481401,41383.600912,0, 0, 0, 0,-99.000000,-99.000000,-99.000000,-1,0
68475,623408,0.163762,41383.490633,41383.610145,1, 0, 0, 1,-2.885655,-2.970095,9.595968,-1,2
68475,623409,0.285681,41383.612552,41383.732064,0, 0, 0, 0,-99.000000,-99.000000,-99.000000,-1,1
68475,623410,0.381065,41383.707936,41383.827448,1, 0, 0, 1,-2.169963,-8.731806,-4.921039,-1,2
68475,623411,0.398609,41383.725479,41383.844991,1, 0, 0, 1,-2.174662,6.969358,-9.156821,-1,2
68475,623412,0.527899,41383.854770,41383.974282,1, 0, 0, 1,2.653675,-8.688573,12.970510,-1,3
68475,623413,0.539304,41383.866174,41383.985687,1, 0, 0, 1,-0.972962,2.241921,-8.597741,-1,2
68475,623414,0.574894,41383.901765,41384.021277,1, 0, 0, 1,-8.325248,-2.715599,7.438376,-1,3
68475,623415,0.589204,41383.916074,41384.035587,1, 0, 0, 1,-5.433962,6.613926,1.687346,-1,2
68475,623416,0.602849,41383.929719,41384.049232,1, 0, 0, 1,2.062609,0.335138,1.998540,-1,2
68475,623417,0.758521,41384.085391,41384.204904,1, 0, 0, 1,2.031407,-2.391804,10.091547,-1,2
68475,623418,0.934197,41384.261066,41384.380579,0, 0, 0, 0,-99.000000,-99.000000,-99.000000,-1,1
68475,623419,1.124832,41384.451701,41384.571215,0, 0, 0, 0,-99.000000,-99.000000,-99.000000,-1,1
68475,623420,1.386577,41384.713446,41384.832960,1, 0, 0, 1,-7.530008,-0.225308,10.879409,-1,2
68475,623421,1.422574,41384.749443,41384.868957,1, 0, 0, 1,-2.196432,8.814180,-8.367164,-1,2
68475,623422,1.611886,41384.938754,41385.058268,0, 0, 0, 0,-99.000000,-99.000000,-99.000000,-1,1
68475,623423,1.637333,41384.964202,41385.083716,0, 0, 0, 0,-99.000000,-99.000000,-99.000000,-1,1
68475,623424,1.711851,41385.038720,41385.158234,1, 0, 0, 1,-5.062819,5.916612,-18.079663,-1,2
68475,623425,1.717568,41385.044436,41385.163951,1, 0, 0, 1,4.971543,0.658901,-15.384316,-1,2
68475,623426,1.831537,41385.158405,41385.277920,0, 0, 0, 0,-99.000000,-99.000000,-99.000000,-1,1
68475,623427,1.846091,41385.172959,41385.292474,1, 0, 0, 1,-4.077286,3.675728,-19.523629,-1,2
68475,623428,1.914374,41385.241242,41385.360757,1, 0, 0, 1,-9.451480,0.092961,16.004419,-1,2
68475,623429,1.934346,41385.261214,41385.380729,0, 0, 0, 0,-99.000000,-99.000000,-99.000000,-1,1
68475,623584,0.013336,41401.883640,41402.003188,0, 0, 0, 0,-99.000000,-99.000000,-99.000000,-1,0
68475,623585,0.088271,41401.958575,41402.078123,1, 0, 0, 1,7.815073,3.021118,-20.396861,-1,2
68475,623586,0.174372,41402.044675,41402.164224,1, 0, 0, 1,-7.623858,-0.288334,-13.092353,-1,3
68475,623587,0.198398,41402.068701,41402.188249,1, 0, 0, 1,-5.863571,0.211070,14.847254,-1,2
68475,623588,0.205428,41402.075731,41402.195279,1, 0, 0, 1,-2.921573,-7.367094,10.146077,-1,2
68475,623589,0.399959,41402.270262,41402.389811,1, 0, 0, 1,6.118862,3.340461,2.503058,-1,2
68475,623590,0.504443,41402.374746,41402.494295,0, 0, 0, 0,-99.000000,-99.000000,-99.000000,-1,1
68475,623591,0.559616,41402.429919,41402.549468,0, 0, 0, 0,-99.000000,-99.000000,-99.000000,-1,0
68475,623592,0.559732,41402.430035,41402.549584,0, 0, 0, 0,-99.000000,-99.000000,-99.000000,-1,1
68475,623593,0.560077,41402.430380,41402.549929,0, 0, 0, 0,-99.000000,-99.000000,-99.000000,-1,0
68475,623594,0.560292,41402.430595,41402.550144,0, 0, 0, 0,-99.000000,-99.000000,-99.000000,-1,1
68475,623595,0.561319,41402.431622,41402.551171,0, 0, 0, 0,-99.000000,-99.000000,-99.000000,-1,0
68475,623596,0.782212,41402.652515,41402.772064,0, 0, 0, 0,-99.000000,-99.000000,-99.000000,-1,0
68475,623597,0.813453,41402.683755,41402.803304,0, 0, 0, 0,-99.000000,-99.000000,-99.000000,-1,1
68475,623598,0.858438,41402.728740,41402.848290,1, 0, 0, 1,4.303092,-3.399972,8.713107,-1,2
68475,623599,0.933443,41402.803745,41402.923295,0, 0, 0, 0,-99.000000,-99.000000,-99.000000,-1,0
68475,623600,0.997980,41402.868282,41402.987832,1, 0, 0, 1,2.721847,-2.749763,-6.190256,-1,2
68475,623601,1.004647,41402.874949,41402.994499,1, 0, 0, 1,-4.995327,-3.240953,2.498109,-1,2
68475,623602,1.109223,41402.979525,41403.099075,1, 0, 0, 1,-3.017031,3.540763,17.804510,-1,2
68475,623603,1.164168,41403.034470,41403.154020,0, 0, 0, 0,-99.000000,-99.000000,-99.000000,-1,1
68475,623604,1.352347,41403.222648,41403.342199,0, 0, 0, 0,-99.000000,-99.000000,-99.000000,-1,1
68475,623605,1.428828,41403.299129,41403.418680,1, 0, 0, 1,-0.340010,0.323959,1.650192,-1,2
68475,623606,1.660766,41403.531067,41403.650618,0, 0, 0, 0,-99.000000,-99.000000,-99.000000,-1,1
68475,623607,1.666341,41403.536642,41403.656193,1, 0, 0, 1,2.901054,5.087629,-15.599028,-1,2
68475,623608,1.695072,41403.565373,41403.684924,0, 0, 0, 0,-99.000000,-99.000000,-99.000000,-1,1
68475,623609,1.700598,41403.570898,41403.690450,0, 0, 0, 0,-99.000000,-99.000000,-99.000000,-1,1
68475,623891,0.140448,41432.371134,41432.490742,1, 0, 0, 1,-5.054972,0.528486,-6.141954,-1,2
68475,623892,0.156643,41432.387329,41432.506937,1, 0, 0, 1,6.875412,-0.210249,14.597627,-1,2
68475,623893,0.241848,41432.472534,41432.592143,1, 0, 0, 1,0.090886,5.871577,5.468561,-1,2
68475,623894,0.425506,41432.656191,41432.775800,0, 0, 0, 0,-99.000000,-99.000000,-99.000000,-1,0
68475,623895,0.428205,41432.658891,41432.778500,1, 0, 0, 1,-4.344134,-3.160127,-5.805761,-1,2
68475,623896,0.735807,41432.966492,41433.086101,1, 0, 0, 1,5.983899,-3.456247,-4.119904,-1,2
68475,623897,0.758961,41432.989646,41433.109255,0, 0, 0, 0,-99.000000,-99.000000,-99.000000,-1,0
68475,623898,0.870152,41433.100836,41433.220446,1, 0, 0, 1,-1.424797,-5.158405,-3.867351,-1,2
68475,623899,1.009697,41433.240381,41433.359991,0, 0, 0, 0,-99.000000,-99.000000,-99.000000,-1,0
68475,623900,1.116464,41433.347148,41433.466758,1, 0, 0, 1,-5.128151,3.715915,-7.607920,-1,2
68475,623901,1.170259,41433.400943,41433.520553,1, 0, 0, 1,4.389180,-6.108920,5.439064,-1,2
68475,623902,1.185126,41433.415810,41433.535421,1, 0, 0, 1,1.502306,-5.397359,12.711676,-1,2
68475,623903,1.243969,41433.474653,41433.594264,0, 0, 0, 0,-99.000000,-99.000000,-99.000000,-1,1
68475,623904,1.246091,41433.476774,41433.596385,1, 0, 0, 1,-0.446139,3.511821,2.840141,-1,2
68475,623905,1.317572,41433.548255,41433.667866,1, 0, 0, 1,5.248950,-5.016272,-7.104087,-1,2
68475,623906,1.318052,41433.548736,41433.668347,0, 0, 0, 0,-99.000000,-99.000000,-99.000000,-1,1
68475,623907,1.364759,41433.595442,41433.715053,1, 0, 0, 1,0.520274,-0.631806,12.995265,-1,2
68475,623908,1.473209,41433.703893,41433.823504,1, 0, 0, 1,6.646462,-6.017430,-7.191919,-1,2
68475,623909,1.592223,41433.822906,41433.942517,0, 0, 0, 0,-99.000000,-99.000000,-99.000000,-1,1
68475,623910,1.667157,41433.897840,41434.017451,0, 0, 0, 0,-99.000000,-99.000000,-99.000000,-1,1
68475,623911,1.864194,41434.094877,41434.214488,1, 0, 0, 1,1.888305,-4.730130,-2.574982,-1,2
68475,623912,1.870337,41434.101020,41434.220632,0, 0, 0, 0,-99.000000,-99.000000,-99.000000,-1,1
68475,623913,1.992006,41434.222688,41434.342300,1, 0, 0, 1,4.152783,6.534030,10.401010,-1,2
68475,623960,0.042722,41438.399216,41438.518836,1, 0, 0, 1,0.601361,5.380013,12.189130,-1,2
68475,623961,0.353408,41438.709902,41438.829522,1, 0, 0, 1,-9.392484,3.176433,5.234423,-1,2
68475,623962,0.369599,41438.726093,41438.845714,1, 0, 0, 1,-0.312911,-0.631224,13.405527,-1,2
68475,623963,0.574323,41438.930816,41439.050437,1, 0, 0, 1,-2.937912,-1.204401,-7.300095,-1,2
68475,623964,0.609061,41438.965554,41439.085175,1, 0, 0, 1,-3.244816,-5.574005,-11.011791,-1,2
68475,623965,0.990637,41439.347129,41439.466751,1, 0, 0, 1,0.625568,3.954977,0.938561,-1,2
68475,623966,1.083233,41439.439725,41439.559347,1, 0, 0, 1,0.454048,6.834811,14.817078,-1,2
68475,623967,1.127967,41439.484459,41439.604081,0, 0, 0, 0,-99.000000,-99.000000,-99.000000,-1,1
68475,623968,1.431834,41439.788325,41439.907948,1, 0, 0, 1,-3.130778,3.046752,-19.252728,-1,2
68475,623969,1.465413,41439.821904,41439.941527,1, 0, 0, 1,-6.880912,1.442457,-5.882839,-1,2
68475,623970,1.487236,41439.843728,41439.963351,0, 0, 0, 0,-99.000000,-99.000000,-99.000000,-1,0
68475,623971,1.546604,41439.903095,41440.022719,1, 0, 0, 1,-1.494096,-3.657953,6.740878,-1,2
68475,623972,1.568103,41439.924594,41440.044217,0, 0, 0, 0,-99.000000,-99.000000,-99.000000,-1,1
68475,623973,1.727873,41440.084363,41440.203987,1, 0, 0, 1,6.536552,6.467542,-15.706828,-1,2
68475,623974,1.821620,41440.178110,41440.297734,1, 0, 0, 1,-3.018276,3.208496,-16.308647,-1,2
68475,623975,1.825874,41440.182364,41440.301988,0, 0, 0, 0,-99.000000,-99.000000,-99.000000,-1,1
68475,623976,1.865190,41440.221681,41440.341304,1, 0, 0, 1,-3.407906,3.569796,17.048017,-1,2
68475,623977,1.913318,41440.269808,41440.389432,1, 0, 0, 1,7.380915,2.013824,-9.429354,-1,2
68475,623978,1.957386,41440.313876,41440.433500,0, 0, 0, 0,-99.000000,-99.000000,-99.000000,-1,0
68475,624229,0.112542,41468.829418,41468.949099,1, 0, 0, 1,1.901925,-11.829784,-5.338631,-1,2
68475,624230,0.127070,41468.843947,41468.963627,0, 0, 0, 0,-99.000000,-99.000000,-99.000000,-1,0
68475,624231,0.241357,41468.958233,41469.077913,0, 0, 0, 0,-99.000000,-99.000000,-99.000000,-1,1
68475,624232,0.283774,41469.000650,41469.120330,1, 0, 0, 1,-5.187703,6.743356,-15.627434,-1,2
68475,624233,0.296218,41469.013094,41469.132775,0, 0, 0, 0,-99.000000,-99.000000,-99.000000,-1,1
68475,624234,0.379623,41469.096499,41469.216180,0, 0, 0, 0,-99.000000,-99.000000,-99.000000,-1,1
68475,624235,0.596407,41469.313283,41469.432964,1, 0, 0, 1,5.972677,-4.260050,-11.958597,-1,2
68475,624236,0.635451,41469.352326,41469.472008,1, 0, 0, 1,-6.099114,1.490950,-10.113393,-1,2
68475,624237,0.687229,41469.404104,41469.523786,0, 0, 0, 0,-99.000000,-99.000000,-99.000000,-1,1
68475,624238,0.703120,41469.419996,41469.539677,0, 0, 0, 0,-99.000000,-99.000000,-99.000000,-1,1
68475,624239,0.726294,41469.443169,41469.562851,1, 1, 0, 1,1.188896,-2.366870,24.182674,-1,2
68475,624240,0.768111,41469.484986,41469.604668,0, 0, 0, 0,-99.000000,-99.000000,-99.000000,-1,1
68475,624241,0.904309,41469.621184,41469.740866,0, 0, 0, 0,-99.000000,-99.000000,-99.000000,-1,1
68475,624242,0.983851,41469.700726,41469.820407,1, 0, 0, 1,8.301858,5.141679,4.197045,-1,2
68475,624243,0.984429,41469.701304,41469.820986,0, 0, 0, 0,-99.000000,-99.000000,-99.000000,-1,1
68475,624244,1.088066,41469.804941,41469.924623,0, 0, 0, 0,-99.000000,-99.000000,-99.000000,-1,1
68475,624245,1.239283,41469.956157,41470.075840,1, 0, 0, 1,-1.996576,-5.004992,-4.201269,-1,2
68475,624246,1.249708,41469.966582,41470.086265,1, 0, 0, 1,7.628883,-4.867122,17.783727,-1,2
68475,624247,1.366153,41470.083027,41470.202710,0, 0, 0, 0,-99.000000,-99.000000,-99.000000,-1,1
68475,624248,1.453420,41470.170294,41470.289977,0, 0, 0, 0,-99.000000,-99.000000,-99.000000,-1,1
68475,624249,1.590961,41470.307835,41470.427518,0, 0, 0, 0,-99.000000,-99.000000,-99.000000,-1,1
68475,624250,1.623125,41470.339998,41470.459681,0, 0, 0, 0,-99.000000,-99.000000,-99.000000,-1,1
68475,624251,1.676241,41470.393115,41470.512798,1, 0, 0, 1,8.211862,0.438337,-1.050368,-1,2
68475,624252,1.791694,41470.508567,41470.628250,1, 0, 0, 1,8.342018,2.733501,-0.424279,-1,2
68475,624253,1.943921,41470.660794,41470.780478,1, 0, 0, 1,2.342744,7.446398,-18.443911,-1,2
68475,624388,0.010365,41487.236303,41487.356020,1, 0, 0, 1,-3.506709,1.178212,1.753246,-1,2
68475,624389,0.101106,41487.327043,41487.446760,1, 0, 0, 1,-4.356793,-6.926319,15.971790,-1,2
68475,624390,0.179572,41487.405510,41487.525227,1, 0, 0, 1,-3.527704,-4.512602,7.665351,-1,2
68475,624391,0.188172,41487.414109,41487.533826,1, 0, 0, 1,7.651084,-0.324053,-17.440302,-1,2
68475,624392,0.259743,41487.485680,41487.605397,1, 0, 0, 1,6.274696,-3.047141,-6.667893,-1,2
68475,624393,0.324018,41487.549955,41487.669672,0, 0, 0, 0,-99.000000,-99.000000,-99.000000,-1,1
68475,624394,0.573509,41487.799446,41487.919164,0, 0, 0, 0,-99.000000,-99.000000,-99.000000,-1,1
68475,624395,0.577952,41487.803889,41487.923606,1, 0, 0, 1,-6.474913,1.013579,-20.000070,-1,2
68475,624396,0.664924,41487.890861,41488.010579,1, 0, 0, 1,-2.894638,6.620573,-3.830743,-1,2
68475,624397,0.748319,41487.974255,41488.093974,0, 0, 0, 0,-99.000000,-99.000000,-99.000000,-1,1
68475,624398,0.798291,41488.024227,41488.143945,0, 0, 0, 0,-99.000000,-99.000000,-99.000000,-1,1
68475,624399,0.943743,41488.169679,41488.289397,0, 0, 0, 0,-99.000000,-99.000000,-99.000000,-1,0
68475,624400,1.165845,41488.391780,41488.511499,1, 0, 0, 1,-3.170553,5.125625,-5.118357,-1,2
68475,624401,1.187807,41488.413742,41488.533461,0, 0, 0, 0,-99.000000,-99.000000,-99.000000,-1,1
68475,624402,1.190111,41488.416047,41488.535766,0, 0, 0, 0,-99.000000,-99.000000,-99.000000,-1,1
68475,624403,1.210184,41488.436119,41488.555838,1, 0, 0, 1,3.335917,3.894644,4.825583,-1,2
68475,624404,1.474865,41488.700800,41488.820520,0, 0, 0, 0,-99.000000,-99.000000,-99.000000,-1,1
68475,624405,1.492052,41488.717986,41488.837706,1, 0, 0, 1,5.231253,-3.581817,-6.380627,-1,2
68475,624406,1.510302,41488.736236,41488.855956,0, 0, 0, 0,-99.000000,-99.000000,-99.000000,-1,0
68475,624407,1.555235,41488.781169,41488.900889,1, 0, 0, 1,9.125995,-0.432785,-15.721342,-1,2
68475,624408,1.689601,41488.915536,41489.035256,1, 0, 0, 1,1.458113,5.231776,-6.014021,-1,2
68475,624409,1.692945,41488.918880,41489.038599,1, 0, 0, 1,7.409041,-2.906471,-10.921495,-1,2
68475,624701,0.021963,41517.608283,41517.728060,1, 0, 0, 1,-3.310701,4.964205,3.042066,-1,2
68475,624702,0.213101,41517.799421,41517.919198,1, 0, 0, 1,0.515232,3.378675,-6.651736,-1,2
68475,624703,0.367917,41517.954237,41518.074014,1, 0, 0, 1,-4.994622,6.687634,-12.731150,-1,2
68475,624704,0.421403,41518.007722,41518.127500,0, 0, 0, 0,-99.000000,-99.000000,-99.000000,-1,1
68475,624705,0.462767,41518.049086,41518.168864,0, 0, 0, 0,-99.000000,-99.000000,-99.000000,-1,1
68475,624706,1.304980,41518.891298,41519.011077,1, 0, 0, 1,0.765060,1.036354,6.365666,-1,2
68475,624707,1.307268,41518.893586,41519.013365,1, 0, 0, 1,-2.446801,-10.614726,2.519032,-1,2
68475,624708,1.617906,41519.204223,41519.324003,0, 0, 0, 0,-99.000000,-99.000000,-99.000000,-1,1
68475,624709,1.647536,41519.233853,41519.353633,0, 0, 0, 0,-99.000000,-99.000000,-99.000000,-1,0
68475,624710,1.701643,41519.287960,41519.407740,0, 0, 0, 0,-99.000000,-99.000000,-99.000000,-1,1
68475,624711,1.754451,41519.340768,41519.460548,0, 0, 0, 0,-99.000000,-99.000000,-99.000000,-1,1
68475,624745,0.432633,41524.144193,41524.263983,1, 0, 0, 1,-1.811543,6.743262,-15.636449,-1,2
68475,624746,0.622490,41524.334050,41524.453840,1, 0, 0, 1,-2.484430,3.621318,7.972220,-1,2
68475,624747,0.696502,41524.408062,41524.527853,0, 0, 0, 0,-99.000000,-99.000000,-99.000000,-1,1
68475,624748,0.722417,41524.433977,41524.553767,1, 0, 0, 1,-6.809483,-1.559591,-15.437731,-1,2
68475,624749,0.833678,41524.545238,41524.665028,0, 0, 0, 0,-99.000000,-99.000000,-99.000000,-1,1
68475,624750,0.866835,41524.578395,41524.698185,1, 0, 0, 1,-5.465829,1.621016,10.371334,-1,2
68475,624751,0.920583,41524.632143,41524.751933,0, 0, 0, 0,-99.000000,-99.000000,-99.000000,-1,0
68475,624752,1.196750,41524.908310,41525.028101,1, 0, 0, 1,-2.831304,-3.427313,2.488897,-1,2
68475,624753,1.351587,41525.063146,41525.182937,0, 0, 0, 0,-99.000000,-99.000000,-99.000000,-1,0
68475,624754,1.514370,41525.225929,41525.345720,0, 0, 0, 0,-99.000000,-99.000000,-99.000000,-1,0
68475,624755,1.571014,41525.282573,41525.402365,0, 0, 0, 0,-99.000000,-99.000000,-99.000000,-1,1
68475,624756,1.572315,41525.283874,41525.403666,0, 0, 0, 0,-99.000000,-99.000000,-99.000000,-1,1
68475,624757,1.922688,41525.634246,41525.754039,1, 0, 0, 1,4.153384,-6.198079,-9.607630,-1,2
68475,624758,1.950698,41525.662256,41525.782048,1, 0, 0, 1,-3.191361,7.656034,-4.558381,-1,2
68475,624759,1.961296,41525.672854,41525.792646,0, 0, 0, 0,-99.000000,-99.000000,-99.000000,-1,0
68475,625028,0.007488,41554.079432,41554.199281,0, 0, 0, 0,-99.000000,-99.000000,-99.000000,-1,1
68475,625029,0.015035,41554.086980,41554.206828,1, 0, 0, 1,-4.246126,14.449844,5.910929,-1,2
68475,625030,0.120153,41554.192097,41554.311946,0, 0, 0, 0,-99.000000,-99.000000,-99.000000,-1,1
68475,625031,0.166104,41554.238048,41554.357897,0, 0, 0, 0,-99.000000,-99.000000,-99.000000,-1,1
68475,625032,0.222058,41554.294002,41554.413851,1, 0, 0, 1,12.994493,14.367775,-14.117877,-1,2
68475,625033,0.272760,41554.344703,41554.464553,1, 0, 0, 1,8.036261,-8.836609,10.262746,-1,2
68475,625034,0.361556,41554.433499,41554.553349,1, 1, 0, 1,0.382227,-2.584498,2.913123,-1,6
68475,625035,0.400923,41554.472866,41554.592716,0, 0, 0, 0,-99.000000,-99.000000,-99.000000,-1,0
68475,625036,0.457209,41554.529152,41554.649002,1, 0, 0, 1,-1.424024,1.432729,7.079384,-1,2
68475,625037,0.610886,41554.682829,41554.802679,0, 0, 0, 0,-99.000000,-99.000000,-99.000000,-1,1
68475,625038,0.624902,41554.696845,41554.816695,0, 0, 0, 0,-99.000000,-99.000000,-99.000000,-1,1
68475,625039,0.833618,41554.905560,41555.025411,1, 0, 0, 1,-2.760185,2.567055,-22.107624,-1,2
68475,625040,0.877734,41554.949677,41555.069527,0, 0, 0, 0,-99.000000,-99.000000,-99.000000,-1,1
68475,625041,0.948268,41555.020210,41555.140061,1, 0, 0, 1,5.739351,0.914387,-16.925761,-1,2
68475,625042,1.305440,41555.377381,41555.497233,1, 0, 0, 1,0.351623,1.109239,-17.097461,-1,2
68475,625043,1.325430,41555.397372,41555.517223,0, 0, 0, 0,-99.000000,-99.000000,-99.000000,-1,1
68475,625044,1.493399,41555.565341,41555.685192,0, 0, 0, 0,-99.000000,-99.000000,-99.000000,-1,1
68475,625045,1.495323,41555.567265,41555.687116,1, 0, 0, 1,5.368320,-3.301561,-7.394359,-1,2
68475,625046,1.921024,41555.992964,41556.112817,0, 0, 0, 0,-99.000000,-99.000000,-99.000000,-1,1
68475,626673,0.020356,41726.971346,41727.091537,0, 0, 0, 0,-99.000000,-99.000000,-99.000000,-1,1
68475,626674,0.037160,41726.988151,41727.108342,0, 0, 0, 0,-99.000000,-99.000000,-99.000000,-1,1
68475,626675,0.066468,41727.017459,41727.137650,1, 0, 0, 1,5.174819,-3.904241,2.340806,-1,2
68475,626676,0.134948,41727.085938,41727.206129,0, 0, 0, 0,-99.000000,-99.000000,-99.000000,-1,1
68475,626677,0.412549,41727.363539,41727.483730,1, 0, 0, 1,-1.064174,0.282593,1.210789,-1,3
68475,626678,0.418193,41727.369183,41727.489374,1, 0, 0, 1,-4.427416,0.959915,6.802595,-1,2
68475,626679,0.423671,41727.374661,41727.494853,1, 0, 0, 1,-4.112797,-7.437429,20.457617,-1,2
68475,626680,0.437570,41727.388560,41727.508751,0, 0, 0, 0,-99.000000,-99.000000,-99.000000,-1,1
68475,626681,0.439650,41727.390639,41727.510831,1, 0, 0, 1,-4.141158,-3.356351,6.160069,-1,5
68475,626682,0.445431,41727.396420,41727.516612,1, 0, 0, 1,-3.671237,3.250712,14.356248,-1,2
68475,626683,0.493265,41727.444254,41727.564446,0, 0, 0, 0,-99.000000,-99.000000,-99.000000,-1,0
68475,626684,0.806646,41727.757635,41727.877827,0, 0, 0, 0,-99.000000,-99.000000,-99.000000,-1,0
68475,626685,0.894763,41727.845752,41727.965944,1, 0, 0, 1,-2.334522,-4.544003,8.106734,-1,2
68475,626686,0.914699,41727.865688,41727.985880,1, 0, 0, 1,0.771401,-4.385382,19.195535,-1,2
68475,626687,1.081179,41728.032167,41728.152360,0, 0, 0, 0,-99.000000,-99.000000,-99.000000,-1,1
68475,626688,1.129835,41728.080823,41728.201016,1, 0, 0, 1,4.684830,-2.718742,21.462873,-1,2
68475,626689,1.578171,41728.529158,41728.649352,1, 0, 0, 1,-8.299194,-2.381661,-8.561468,-1,2
68475,626690,1.611321,41728.562308,41728.682502,1, 0, 0, 1,2.967262,-1.335766,10.179077,-1,2
68475,626691,1.624834,41728.575822,41728.696016,1, 0, 0, 1,-3.121514,-0.522925,-6.172795,-1,2
68475,626692,1.749957,41728.700944,41728.821138,1, 0, 0, 1,-0.390671,-0.761919,-15.540884,-1,2
68475,626693,1.771717,41728.722703,41728.842898,0, 0, 0, 0,-99.000000,-99.000000,-99.000000,-1,0
68475,626966,0.160833,41757.472207,41757.592458,0, 0, 0, 0,-99.000000,-99.000000,-99.000000,-1,0
68475,626967,0.191402,41757.502775,41757.623026,1, 0, 0, 1,3.330922,-3.013938,-15.886878,-1,2
68475,626968,0.303665,41757.615038,41757.735289,0, 0, 0, 0,-99.000000,-99.000000,-99.000000,-1,1
68475,626969,0.331753,41757.643126,41757.763377,1, 0, 0, 1,6.808975,5.712458,-18.554221,-1,2
68475,626970,0.389659,41757.701032,41757.821283,1, 0, 0, 1,-3.305969,7.638495,-0.323575,-1,2
68475,626971,0.650420,41757.961793,41758.082045,1, 0, 0, 1,-4.939312,4.866300,-17.081735,-1,2
68475,626972,0.835390,41758.146763,41758.267015,1, 0, 0, 1,0.864259,2.871924,0.157094,-1,2
68475,626973,0.872772,41758.184144,41758.304396,0, 0, 0, 0,-99.000000,-99.000000,-99.000000,-1,1
68475,626974,0.905261,41758.216633,41758.336886,0, 0, 0, 0,-99.000000,-99.000000,-99.000000,-1,1
68475,626975,1.165792,41758.477163,41758.597416,1, 0, 0, 1,3.556063,0.783549,1.779474,-1,2
68475,626976,1.269039,41758.580411,41758.700664,1, 0, 0, 1,-3.204226,-2.951505,13.148997,-1,2
68475,626977,1.289421,41758.600793,41758.721046,1, 0, 0, 1,4.859118,-0.627258,17.454478,-1,2
68475,626978,1.345941,41758.657312,41758.777566,1, 0, 0, 1,7.595435,-1.617251,3.715655,-1,2
68475,626979,1.349487,41758.660858,41758.781111,0, 0, 0, 0,-99.000000,-99.000000,-99.000000,-1,1
68475,626980,1.555366,41758.866737,41758.986991,1, 0, 0, 1,6.303984,-2.137321,3.765025,-1,2
68475,626981,1.612313,41758.923683,41759.043937,1, 0, 0, 1,-1.199736,-0.889636,-0.508397,-1,2
68475,626982,1.665470,41758.976841,41759.097095,1, 0, 0, 1,3.424920,5.030042,10.536295,-1,2
68475,626983,1.708700,41759.020070,41759.140324,1, 0, 0, 1,3.111601,5.324747,-4.350995,-1,2
68475,626984,1.767635,41759.079005,41759.199259,1, 0, 0, 1,-5.167824,-1.903949,0.782664,-1,4
68475,626985,1.954130,41759.265500,41759.385754,0, 0, 0, 0,-99.000000,-99.000000,-99.000000,-1,0
68475,627028,0.190054,41763.626659,41763.746922,1, 0, 0, 1,5.221052,-3.165225,-4.740521,-1,2
68475,627029,0.252070,41763.688675,41763.808938,1, 0, 0, 1,3.379390,-3.020713,-13.699388,-1,2
68475,627030,0.356425,41763.793029,41763.913293,1, 0, 0, 1,7.003767,5.394405,-0.053611,-1,2
68475,627031,0.469554,41763.906158,41764.026422,1, 0, 0, 1,0.711389,-7.950727,17.868475,-1,2
68475,627032,0.473106,41763.909711,41764.029975,1, 0, 0, 1,3.102369,3.278873,6.309159,-1,2
68475,627033,0.649649,41764.086253,41764.206517,1, 0, 0, 1,7.401106,0.461359,-19.251919,-1,2
68475,627034,0.668555,41764.105159,41764.225423,0, 0, 0, 0,-99.000000,-99.000000,-99.000000,-1,1
68475,627035,0.801824,41764.238428,41764.358692,1, 0, 0, 1,0.946643,0.655042,-5.400233,-1,2
68475,627036,1.008743,41764.445347,41764.565611,1, 0, 0, 1,0.866356,-5.757104,15.649310,-1,2
68475,627037,1.185983,41764.622586,41764.742851,1, 0, 0, 1,3.571281,-4.238231,-10.749704,-1,2
68475,627038,1.350043,41764.786646,41764.906911,0, 0, 0, 0,-99.000000,-99.000000,-99.000000,-1,1
68475,627039,1.420819,41764.857422,41764.977687,1, 0, 0, 1,3.007480,-3.316215,-15.163871,-1,2
68475,627040,1.432211,41764.868813,41764.989079,1, 0, 0, 1,3.058744,-2.178007,-21.895451,-1,2
68475,627041,1.557159,41764.993762,41765.114027,1, 0, 0, 1,-0.776469,-2.374748,11.868686,-1,2
68475,627042,1.591053,41765.027655,41765.147921,0, 0, 0, 0,-99.000000,-99.000000,-99.000000,-1,0
68475,627043,1.715306,41765.151908,41765.272175,0, 0, 0, 0,-99.000000,-99.000000,-99.000000,-1,1
68475,627044,1.726101,41765.162703,41765.282969,1, 0, 0, 1,2.187341,-7.673534,-14.113485,-1,2
68475,627045,1.817052,41765.253654,41765.373920,0, 0, 0, 0,-99.000000,-99.000000,-99.000000,-1,1
68475,627046,1.855873,41765.292475,41765.412741,1, 0, 0, 1,6.011170,-3.549410,16.977710,-1,2
68475,627047,1.889061,41765.325663,41765.445929,1, 0, 0, 1,1.269595,8.402742,-21.994457,-1,2
68475,627048,1.932867,41765.369468,41765.489735,1, 0, 0, 1,2.897428,-1.021039,7.521208,-1,2
68475,627337,0.091551,41793.888540,41794.008862,0, 0, 0, 0,-99.000000,-99.000000,-99.000000,-1,0
68475,627338,0.109767,41793.906756,41794.027078,1, 0, 0, 1,-3.107702,7.564528,7.951344,-1,2
68475,627339,0.199446,41793.996434,41794.116757,0, 0, 0, 0,-99.000000,-99.000000,-99.000000,-1,0
68475,627340,0.448324,41794.245311,41794.365635,1, 0, 0, 1,-2.503062,2.114517,19.256910,-1,2
68475,627341,0.515161,41794.312148,41794.432472,1, 0, 0, 1,5.224201,1.518792,7.639461,-1,2
68475,627342,0.583291,41794.380278,41794.500602,1, 0, 0, 1,-4.439768,-7.469802,6.846855,-1,2
68475,627343,0.650814,41794.447801,41794.568125,0, 0, 0, 0,-99.000000,-99.000000,-99.000000,-1,1
68475,627344,0.768097,41794.565085,41794.685409,1, 0, 0, 1,-2.606129,-8.038683,15.770791,-1,2
68475,627345,0.819253,41794.616241,41794.736565,1, 0, 0, 1,5.522382,5.707053,0.559892,-1,2
68475,627346,0.841491,41794.638478,41794.758802,1, 0, 0, 1,7.825592,-0.781686,15.350381,-1,2
68475,627347,0.894077,41794.691064,41794.811388,1, 0, 0, 1,4.499201,-3.524198,4.201416,-1,2
68475,627348,1.101830,41794.898817,41795.019141,0, 0, 0, 0,-99.000000,-99.000000,-99.000000,-1,1
68475,627349,1.137780,41794.934767,41795.055091,1, 0, 0, 1,-7.975439,-0.331699,20.427237,-1,2
68475,627350,1.325769,41795.122756,41795.243081,0, 0, 0, 0,-99.000000,-99.000000,-99.000000,-1,0
68475,627351,1.376569,41795.173555,41795.293880,0, 0, 0, 0,-99.000000,-99.000000,-99.000000,-1,0
68475,627352,1.596972,41795.393957,41795.514283,1, 0, 0, 1,5.133185,2.310790,-11.710800,-1,2
68475,627353,1.630496,41795.427482,41795.547807,1, 0, 0, 1,-46.563144,-40.398613,24.505650,-1,2
68475,627354,1.746246,41795.543232,41795.663557,0, 0, 0, 0,-99.000000,-99.000000,-99.000000,-1,0
68475,627355,1.775954,41795.572939,41795.693265,1, 0, 0, 1,2.193683,9.322966,17.059756,-1,2
68475,627356,1.784412,41795.581398,41795.701723,0, 0, 0, 0,-99.000000,-99.000000,-99.000000,-1,0
68475,627357,1.807212,41795.604197,41795.724523,0, 0, 0, 0,-99.000000,-99.000000,-99.000000,-1,1
68475,627358,1.840531,41795.637516,41795.757842,0, 0, 0, 0,-99.000000,-99.000000,-99.000000,-1,1
68475,627514,0.014348,41812.360710,41812.481069,0, 0, 0, 0,-99.000000,-99.000000,-99.000000,-1,1
68475,627515,0.031920,41812.378282,41812.498641,1, 0, 0, 1,7.553532,-3.354571,-18.027877,-1,2
68475,627516,0.085065,41812.431427,41812.551786,1, 0, 0, 1,1.752120,2.380264,-17.328086,-1,2
68475,627517,0.296233,41812.642595,41812.762954,1, 0, 0, 1,5.133205,-1.881341,-1.373268,-1,2
68475,627518,0.598866,41812.945227,41813.065587,1, 0, 0, 1,-0.064435,3.149360,-11.198234,-1,2
68475,627519,0.609835,41812.956196,41813.076556,1, 0, 0, 1,-7.668921,0.981303,-2.055771,-1,2
68475,627520,0.611145,41812.957506,41813.077866,1, 0, 0, 1,0.318559,2.724334,13.175080,-1,2
68475,627521,0.715906,41813.062267,41813.182627,0, 0, 0, 0,-99.000000,-99.000000,-99.000000,-1,1
68475,627522,0.738521,41813.084882,41813.205242,0, 0, 0, 0,-99.000000,-99.000000,-99.000000,-1,1
68475,627523,0.792535,41813.138895,41813.259256,0, 0, 0, 0,-99.000000,-99.000000,-99.000000,-1,1
68475,627524,0.922487,41813.268848,41813.389209,0, 0, 0, 0,-99.000000,-99.000000,-99.000000,-1,1
68475,627525,0.933272,41813.279632,41813.399993,0, 0, 0, 0,-99.000000,-99.000000,-99.000000,-1,0
68475,627526,1.005202,41813.351562,41813.471923,1, 0, 0, 1,0.793288,1.440492,-14.237032,-1,2
68475,627527,1.129079,41813.475439,41813.595800,1, 0, 0, 1,-8.649443,1.204681,-16.831143,-1,2
68475,627528,1.135699,41813.482059,41813.602420,1, 0, 0, 1,-2.549499,-3.007699,-14.227015,-1,2
68475,627529,1.163008,41813.509368,41813.629729,1, 0, 0, 1,-7.463529,5.537163,-17.047308,-1,3
68475,627530,1.265101,41813.611461,41813.731822,1, 0, 0, 1,3.056358,8.652250,6.439159,-1,2
68475,627531,1.329034,41813.675393,41813.795755,1, 0, 0, 1,-0.474844,6.268599,18.580846,-1,2
68475,627532,1.453234,41813.799594,41813.919956,0, 0, 0, 0,-99.000000,-99.000000,-99.000000,-1,1
68475,627533,1.940567,41814.286926,41814.407289,1, 0, 0, 1,0.476330,-1.638510,2.521168,-1,2
68475,627534,2.009265,41814.355623,41814.475986,1, 0, 0, 1,-0.490630,4.110220,-16.190592,-1,2
68475,627765,0.011714,41842.718459,41842.838878,0, 0, 0, 0,-99.000000,-99.000000,-99.000000,-1,1
68475,627766,0.018299,41842.725044,41842.845463,0, 0, 0, 0,-99.000000,-99.000000,-99.000000,-1,1
68475,627767,0.034927,41842.741672,41842.862091,1, 0, 0, 1,-0.800504,7.998256,18.324754,-1,2
68475,627768,0.085764,41842.792509,41842.912928,1, 0, 0, 1,-2.577340,4.447488,1.143631,-1,2
68475,627769,0.104223,41842.810969,41842.931387,0, 0, 0, 0,-99.000000,-99.000000,-99.000000,-1,1
68475,627770,0.215107,41842.921852,41843.042271,1, 0, 0, 1,6.342480,-2.547913,-5.043846,-1,2
68475,627771,0.217054,41842.923799,41843.044218,0, 0, 0, 0,-99.000000,-99.000000,-99.000000,-1,0
68475,627772,0.334103,41843.040847,41843.161267,1, 0, 0, 1,-2.960060,6.012134,-16.287490,-1,2
68475,627773,0.384138,41843.090883,41843.211302,0, 0, 0, 0,-99.000000,-99.000000,-99.000000,-1,1
68475,627774,0.387933,41843.094678,41843.215097,1, 0, 0, 1,-2.306133,-1.616992,12.360377,-1,2
68475,627775,0.430393,41843.137138,41843.257557,1, 1, 0, 1,-0.254936,3.200413,-14.662814,-1,2
68475,627776,0.438565,41843.145310,41843.265729,1, 0, 0, 1,2.631808,1.400576,-7.263266,-1,3
68475,627777,0.442888,41843.149632,41843.270052,1, 0, 0, 1,1.329946,-8.834666,8.696167,-1,2
68475,627778,0.510293,41843.217038,41843.337457,0, 0, 0, 0,-99.000000,-99.000000,-99.000000,-1,1
68475,627779,0.547955,41843.254700,41843.375119,0, 0, 0, 0,-99.000000,-99.000000,-99.000000,-1,1
68475,627780,0.566867,41843.273612,41843.394031,0, 0, 0, 0,-99.000000,-99.000000,-99.000000,-1,0
68475,627781,0.617808,41843.324552,41843.444972,0, 0, 0, 0,-99.000000,-99.000000,-99.000000,-1,0
68475,627782,0.652273,41843.359017,41843.479437,1, 0, 0, 1,-1.991188,0.921205,-8.590600,-1,2
68475,627783,0.694151,41843.400895,41843.521315,0, 0, 0, 0,-99.000000,-99.000000,-99.000000,-1,1
68475,627784,0.756839,41843.463583,41843.584003,0, 0, 0, 0,-99.000000,-99.000000,-99.000000,-1,0
68475,627785,0.849216,41843.555959,41843.676380,1, 0, 0, 1,3.966283,5.897929,13.799396,-1,2
68475,627786,1.062643,41843.769386,41843.889807,1, 0, 0, 1,7.991134,8.355094,7.386889,-1,2
68475,627787,1.207177,41843.913920,41844.034341,0, 0, 0, 0,-99.000000,-99.000000,-99.000000,-1,0
68475,627788,1.496776,41844.203519,41844.323940,1, 0, 0, 1,-0.494590,-6.068673,-13.960639,-1,4
68475,627789,1.515847,41844.222590,41844.343011,1, 0, 0, 1,-2.625336,5.199931,16.658284,-1,2
68475,627790,1.723242,41844.429984,41844.550406,0, 0, 0, 0,-99.000000,-99.000000,-99.000000,-1,0
68475,627791,1.823619,41844.530361,41844.650783,0, 0, 0, 0,-99.000000,-99.000000,-99.000000,-1,1
68475,627792,1.836049,41844.542791,41844.663213,1, 0, 0, 1,-6.699742,-0.244348,0.098527,-1,2
68475,627793,1.892582,41844.599324,41844.719746,1, 0, 0, 1,5.866855,9.803559,2.858606,-1,2
68475,627794,1.904680,41844.611422,41844.731844,0, 0, 0, 0,-99.000000,-99.000000,-99.000000,-1,1
68475,627795,1.906800,41844.613542,41844.733964,1, 0, 0, 1,-7.406457,0.300743,-13.299257,-1,2
68475,627831,0.025166,41848.857120,41848.977551,1, 0, 0, 1,1.400380,3.275855,-18.675745,-1,2
68475,627832,0.110106,41848.942060,41849.062491,1, 0, 0, 1,2.454574,2.377190,-0.214640,-1,2
68475,627833,0.192202,41849.024156,41849.144587,0, 0, 0, 0,-99.000000,-99.000000,-99.000000,-1,1
68475,627834,0.246185,41849.078139,41849.198570,1, 0, 0, 1,-6.453070,3.699184,9.927253,-1,2
68475,627835,0.359178,41849.191132,41849.311563,1, 0, 0, 1,7.936478,-3.768188,10.354548,-1,2
68475,627836,0.448375,41849.280328,41849.400759,1, 0, 0, 1,-2.325238,1.330587,13.687756,-1,2
68475,627837,0.480068,41849.312022,41849.432453,1, 0, 0, 1,-4.728440,7.226054,14.446993,-1,2
68475,627838,0.586030,41849.417983,41849.538415,1, 0, 0, 1,3.741774,-1.582651,4.694072,-1,2
68475,627839,0.738663,41849.570616,41849.691048,1, 0, 0, 1,0.772489,1.897008,2.615618,-1,2
68475,627840,0.775023,41849.606975,41849.727408,0, 0, 0, 0,-99.000000,-99.000000,-99.000000,-1,1
68475,627841,0.793290,41849.625243,41849.745675,1, 0, 0, 1,1.046897,-6.207108,14.193103,-1,2
68475,627842,1.597319,41850.429270,41850.549704,1, 0, 0, 1,1.223889,-3.860423,-19.185413,-1,13
68475,627843,1.608067,41850.440018,41850.560452,0, 0, 0, 0,-99.000000,-99.000000,-99.000000,-1,1
68475,627844,1.791156,41850.623107,41850.743541,0, 0, 0, 0,-99.000000,-99.000000,-99.000000,-1,1
68475,628087,0.236951,41879.429287,41879.549778,1, 0, 0, 1,-0.526784,-5.652907,-9.644530,-1,2
68475,628088,0.245364,41879.437701,41879.558192,0, 0, 0, 0,-99.000000,-99.000000,-99.000000,-1,1
68475,628089,0.391085,41879.583421,41879.703912,1, 0, 0, 1,-5.172560,-0.774478,7.130452,-1,2
68475,628090,0.409277,41879.601613,41879.722105,1, 0, 0, 1,-2.007164,-7.745023,16.472695,-1,2
68475,628091,0.429365,41879.621701,41879.742192,1, 0, 0, 1,-2.355882,5.702598,8.138384,-1,2
68475,628092,0.451441,41879.643777,41879.764268,1, 0, 0, 1,-5.214828,-4.851280,11.171704,-1,2
68475,628093,0.534171,41879.726507,41879.846999,0, 0, 0, 0,-99.000000,-99.000000,-99.000000,-1,1
68475,628094,0.537853,41879.730189,41879.850681,0, 0, 0, 0,-99.000000,-99.000000,-99.000000,-1,1
68475,628095,0.544466,41879.736802,41879.857293,0, 0, 0, 0,-99.000000,-99.000000,-99.000000,-1,1
68475,628096,0.634962,41879.827298,41879.947790,1, 0, 0, 1,3.205182,-0.484886,22.033670,-1,2
68475,628097,0.791432,41879.983768,41880.104260,0, 0, 0, 0,-99.000000,-99.000000,-99.000000,-1,1
68475,628098,0.819055,41880.011391,41880.131883,1, 0, 0, 1,-5.950451,0.135791,9.083167,-1,2
68475,628099,0.921591,41880.113926,41880.234419,1, 0, 0, 1,-3.818325,5.406307,-21.405076,-1,2
68475,628100,1.057690,41880.250026,41880.370518,1, 0, 0, 1,1.184340,-9.999981,-0.456853,-1,3
68475,628101,1.096115,41880.288450,41880.408942,0, 0, 0, 0,-99.000000,-99.000000,-99.000000,-1,1
68475,628102,1.097124,41880.289460,41880.409952,1, 0, 0, 1,7.239890,1.117430,-17.032981,-1,2
68475,628103,1.128191,41880.320526,41880.441018,0, 0, 0, 0,-99.000000,-99.000000,-99.000000,-1,1
68475,628104,1.399064,41880.591399,41880.711892,1, 0, 0, 1,5.782506,-0.198131,-16.205131,-1,2
68475,628105,1.399141,41880.591476,41880.711969,1, 0, 0, 1,1.594767,6.491514,11.960916,-1,2
68475,628106,1.430262,41880.622596,41880.743090,1, 0, 0, 1,-7.472674,-2.321943,-0.199739,-1,2
68475,628107,1.528121,41880.720455,41880.840948,1, 0, 0, 1,-4.767239,6.610318,5.536585,-1,3
68475,628108,1.537758,41880.730093,41880.850586,0, 0, 0, 0,-99.000000,-99.000000,-99.000000,-1,1
68475,628109,1.560001,41880.752335,41880.872828,1, 0, 0, 1,-7.200168,-0.563361,-9.349617,-1,2
68475,628110,1.782772,41880.975106,41881.095600,1, 0, 0, 1,4.230355,-3.213044,13.947555,-1,2
68475,628111,1.806789,41880.999122,41881.119616,0, 0, 0, 0,-99.000000,-99.000000,-99.000000,-1,0
68475,628112,1.838825,41881.031159,41881.151653,1, 0, 0, 1,-3.601839,-1.208891,-4.906981,-1,2
68475,628268,0.043420,41897.765846,41897.886373,1, 0, 0, 1,5.988180,-2.199744,-16.781726,-1,2
68475,628269,0.066174,41897.788600,41897.909126,1, 0, 0, 1,-1.121005,6.999306,1.582798,-1,2
68475,628270,0.067519,41897.789945,41897.910472,0, 0, 0, 0,-99.000000,-99.000000,-99.000000,-1,1
68475,628271,0.172631,41897.895056,41898.015584,1, 0, 0, 1,6.062484,-2.490719,-12.416941,-1,2
68475,628272,0.247262,41897.969686,41898.090214,1, 0, 0, 1,-7.684786,1.980042,-17.132584,-1,2
68475,628273,0.259702,41897.982127,41898.102654,1, 0, 0, 1,2.812500,6.722758,-2.155342,-1,2
68475,628274,0.349165,41898.071590,41898.192117,0, 0, 0, 0,-99.000000,-99.000000,-99.000000,-1,1
68475,628275,0.421258,41898.143683,41898.264210,0, 0, 0, 0,-99.000000,-99.000000,-99.000000,-1,1
68475,628276,0.947919,41898.670343,41898.790871,1, 0, 0, 1,0.199198,-5.529447,3.304088,-1,2
68475,628277,1.485556,41899.207979,41899.328509,0, 0, 0, 0,-99.000000,-99.000000,-99.000000,-1,1
68475,628278,1.766012,41899.488433,41899.608964,1, 0, 0, 1,5.347867,2.378703,1.299416,-1,2
68475,628279,1.993469,41899.715891,41899.836422,0, 0, 0, 0,-99.000000,-99.000000,-99.000000,-1,1
68475,628280,1.996001,41899.718422,41899.838953,1, 0, 0, 1,-2.309223,5.669411,7.386441,-1,2
68475,628565,0.389221,41928.472029,41928.592616,0, 0, 0, 0,-99.000000,-99.000000,-99.000000,-1,1
68475,628566,0.487490,41928.570298,41928.690885,0, 0, 0, 0,-99.000000,-99.000000,-99.000000,-1,1
68475,628567,0.568509,41928.651316,41928.771904,1, 0, 0, 1,-8.157716,4.815627,8.993926,-1,2
68475,628568,0.623776,41928.706583,41928.827170,1, 0, 0, 1,-9.009163,9.999981,-18.743351,-1,3
68475,628569,0.888534,41928.971340,41929.091929,1, 0, 0, 1,-1.661197,5.764414,1.929779,-1,3
68475,628570,0.943075,41929.025882,41929.146470,1, 0, 0, 1,-7.898337,-0.793266,-3.196550,-1,2
68475,628571,1.046086,41929.128892,41929.249481,1, 0, 0, 1,-3.208256,2.251816,-16.795102,-1,2
68475,628572,1.113810,41929.196616,41929.317205,1, 0, 0, 1,6.725293,2.502238,6.352911,-1,2
68475,628573,1.168122,41929.250928,41929.371517,1, 0, 0, 1,6.443247,-3.562878,16.218227,-1,2
68475,628574,1.224142,41929.306948,41929.427537,0, 0, 0, 0,-99.000000,-99.000000,-99.000000,-1,1
68475,628575,1.235942,41929.318747,41929.439336,0, 0, 0, 0,-99.000000,-99.000000,-99.000000,-1,1
68475,628576,1.357819,41929.440624,41929.561213,0, 0, 0, 0,-99.000000,-99.000000,-99.000000,-1,1
68475,628577,1.373723,41929.456529,41929.577118,1, 0, 0, 1,3.084385,-2.241233,-5.701798,-1,2
68475,628578,1.579787,41929.662592,41929.783182,1, 0, 0, 1,-2.116206,8.143103,-16.240503,-1,2
68475,628579,1.637093,41929.719898,41929.840488,1, 0, 0, 1,-4.416060,-5.506792,11.159494,-1,2
68475,628580,1.722645,41929.805449,41929.926040,1, 0, 0, 1,5.368094,5.868851,6.142477,-1,2
68475,628581,1.789161,41929.871966,41929.992556,1, 0, 0, 1,0.154725,-4.346865,9.319714,-1,2
68475,628582,1.798475,41929.881279,41930.001869,1, 0, 0, 1,-4.884724,-6.851888,-6.108640,-1,4
68475,628583,1.875217,41929.958021,41930.078612,1, 0, 0, 1,4.722515,7.743826,8.264035,-1,2
68475,628584,1.884940,41929.967745,41930.088335,1, 0, 0, 1,-5.258082,1.712262,20.937757,-1,2
68475,628585,1.972724,41930.055529,41930.176119,1, 0, 0, 1,-6.299870,16.079111,21.561272,-1,2
68475,628620,0.068036,41934.276105,41934.396704,0, 0, 0, 0,-99.000000,-99.000000,-99.000000,-1,1
68475,628621,0.093417,41934.301486,41934.422085,1, 0, 0, 1,5.578378,-5.624626,-11.189747,-1,2
68475,628622,0.095904,41934.303973,41934.424572,0, 0, 0, 0,-99.000000,-99.000000,-99.000000,-1,1
68475,628623,0.110479,41934.318548,41934.439147,0, 0, 0, 0,-99.000000,-99.000000,-99.000000,-1,0
68475,628624,0.120405,41934.328474,41934.449073,1, 0, 0, 1,-6.689556,0.509504,-15.452294,-1,2
68475,628625,0.201483,41934.409552,41934.530151,0, 0, 0, 0,-99.000000,-99.000000,-99.000000,-1,0
68475,628626,0.281156,41934.489225,41934.609824,1, 0, 0, 1,-7.627869,1.973172,7.828950,-1,2
68475,628627,0.375214,41934.583283,41934.703882,0, 0, 0, 0,-99.000000,-99.000000,-99.000000,-1,0
68475,628628,0.548528,41934.756596,41934.877196,1, 0, 0, 1,0.626242,-1.927997,7.524172,-1,3
68475,628629,0.668661,41934.876729,41934.997329,1, 0, 0, 1,-3.411833,2.795453,-3.667474,-1,2
68475,628630,0.816546,41935.024613,41935.145214,1, 0, 0, 1,5.997483,-2.034633,3.262792,-1,2
68475,628631,0.852098,41935.060165,41935.180766,0, 0, 0, 0,-99.000000,-99.000000,-99.000000,-1,1
68475,628632,0.860651,41935.068719,41935.189320,0, 0, 0, 0,-99.000000,-99.000000,-99.000000,-1,0
68475,628633,0.899489,41935.107557,41935.228158,1, 0, 0, 1,-0.750358,-9.999981,-19.445200,-1,5
68475,628634,0.933536,41935.141603,41935.262204,1, 0, 0, 1,8.083554,1.737725,-20.654123,-1,2
68475,628635,0.996658,41935.204726,41935.325326,1, 0, 0, 1,-0.253846,-1.546580,17.503020,-1,2
68475,628636,1.367135,41935.575202,41935.695804,0, 0, 0, 0,-99.000000,-99.000000,-99.000000,-1,1
68475,628637,1.653396,41935.861462,41935.982064,1, 0, 0, 1,-3.557214,2.251656,3.977024,-1,2
68475,628638,1.671817,41935.879883,41936.000485,1, 0, 0, 1,2.972734,1.250294,12.489826,-1,2
68475,628639,1.804038,41936.012104,41936.132706,1, 0, 0, 1,-3.296341,6.842557,-6.984481,-1,2
68475,628640,1.831968,41936.040033,41936.160636,1, 0, 0, 1,2.917256,4.537814,16.667447,-1,2
68475,628641,1.911535,41936.119601,41936.240203,1, 0, 0, 1,7.700441,-0.249446,-13.696171,-1,2
68475,628642,1.927115,41936.135181,41936.255784,1, 0, 0, 1,6.620663,2.410515,6.411079,-1,2
68475,628914,0.002009,41964.570461,41964.691120,1, 0, 0, 1,-10.174722,4.218935,18.040664,-1,2
68475,628915,0.407001,41964.975452,41965.096112,0, 0, 0, 0,-99.000000,-99.000000,-99.000000,-1,1
68475,628916,0.566065,41965.134516,41965.255176,1, 0, 0, 1,4.537894,-3.432824,14.296389,-1,2
68475,628917,0.580127,41965.148578,41965.269238,1, 0, 0, 1,3.441428,4.227826,9.746063,-1,2
68475,628918,0.684006,41965.252456,41965.373116,0, 0, 0, 0,-99.000000,-99.000000,-99.000000,-1,1
68475,628919,1.050837,41965.619287,41965.739948,0, 0, 0, 0,-99.000000,-99.000000,-99.000000,-1,1
68475,628920,1.148718,41965.717167,41965.837829,1, 0, 0, 1,7.810664,-5.542533,17.476349,-1,2
68475,628921,1.201416,41965.769865,41965.890527,0, 0, 0, 0,-99.000000,-99.000000,-99.000000,-1,1
68475,628922,1.291417,41965.859866,41965.980528,1, 0, 0, 1,-3.108226,-1.181838,-1.462082,-1,2
68475,628923,1.507265,41966.075714,41966.196376,0, 0, 0, 0,-99.000000,-99.000000,-99.000000,-1,1
68475,628924,1.571793,41966.140242,41966.260904,0, 0, 0, 0,-99.000000,-99.000000,-99.000000,-1,1
68475,628925,1.748040,41966.316489,41966.437151,0, 0, 0, 0,-99.000000,-99.000000,-99.000000,-1,1
68475,628926,1.875195,41966.443644,41966.564306,0, 0, 0, 0,-99.000000,-99.000000,-99.000000,-1,0
68475,628927,1.877915,41966.446364,41966.567026,1, 0, 0, 1,-4.073960,1.370298,2.215696,-1,2
68475,628928,1.950403,41966.518851,41966.639514,1, 0, 0, 1,7.375696,0.943006,-3.899054,-1,2
68475,629083,0.032812,41983.125327,41983.246022,1, 0, 0, 1,0.866568,-0.428709,7.977382,-1,2
68475,629084,0.077720,41983.170234,41983.290930,1, 0, 0, 1,-1.504974,-18.718388,1.966105,-1,2
68475,629085,0.078349,41983.170864,41983.291559,1, 0, 0, 1,4.007693,-4.578656,-6.640701,-1,2
68475,629086,0.079042,41983.171557,41983.292252,1, 0, 0, 1,-8.156819,4.849743,-16.701812,-1,2
68475,629087,0.198904,41983.291418,41983.412114,0, 0, 0, 0,-99.000000,-99.000000,-99.000000,-1,1
68475,629088,0.229120,41983.321634,41983.442330,1, 0, 0, 1,8.089624,3.251437,-3.366507,-1,2
68475,629089,0.342620,41983.435134,41983.555830,1, 0, 0, 1,5.823113,2.170340,-9.679563,-1,2
68475,629090,0.370525,41983.463039,41983.583735,1, 0, 0, 1,3.219687,3.844714,19.686681,-1,3
68475,629091,0.373633,41983.466147,41983.586843,1, 0, 0, 1,-0.787888,-4.710612,2.949597,-1,2
68475,629092,0.443837,41983.536351,41983.657047,1, 0, 0, 1,-1.875135,-10.506367,-16.492193,-1,2
68475,629093,0.458580,41983.551094,41983.671790,0, 0, 0, 0,-99.000000,-99.000000,-99.000000,-1,1
68475,629094,0.538857,41983.631370,41983.752067,0, 0, 0, 0,-99.000000,-99.000000,-99.000000,-1,1
68475,629095,0.577264,41983.669778,41983.790474,1, 0, 0, 1,1.282346,7.813780,-1.973931,-1,2
68475,629096,0.670591,41983.763104,41983.883801,1, 0, 0, 1,-6.686539,2.810975,9.796800,-1,2
68475,629097,0.753188,41983.845701,41983.966398,1, 0, 0, 1,0.301028,14.350208,-1.591217,-1,2
68475,629098,0.759054,41983.851567,41983.972264,1, 0, 0, 1,8.237768,-2.217857,-14.496053,-1,2
68475,629099,0.802572,41983.895085,41984.015782,1, 0, 0, 1,-4.169526,7.279594,-5.936275,-1,2
68475,629100,0.909352,41984.001865,41984.122563,1, 0, 0, 1,5.047119,-1.359871,7.675250,-1,2
68475,629101,1.031333,41984.123845,41984.244543,1, 0, 0, 1,3.855109,0.886567,-9.949504,-1,2
68475,629102,1.114017,41984.206530,41984.327227,1, 0, 0, 1,-7.510549,0.748181,10.969029,-1,2
68475,629103,1.249664,41984.342176,41984.462875,1, 0, 0, 1,0.999809,0.054900,9.334319,-1,2
68475,629104,1.306470,41984.398982,41984.519680,0, 0, 0, 0,-99.000000,-99.000000,-99.000000,-1,1
68475,629105,1.410143,41984.502654,41984.623353,0, 0, 0, 0,-99.000000,-99.000000,-99.000000,-1,1
68475,629106,1.410232,41984.502744,41984.623442,1, 0, 0, 1,4.005615,5.752608,1.521967,-1,2
68475,629107,1.596742,41984.689253,41984.809952,1, 0, 0, 1,2.758303,-0.564292,-10.069234,-1,2
68475,629108,1.725525,41984.818036,41984.938736,1, 0, 0, 1,2.193616,-2.877274,12.010705,-1,2
68475,629109,1.795840,41984.888351,41985.009051,1, 0, 0, 1,-0.022215,-3.745128,-5.375973,-1,2
68475,629110,1.834838,41984.927349,41985.048048,0, 0, 0, 0,-99.000000,-99.000000,-99.000000,-1,1
68475,629111,1.872590,41984.965101,41985.085800,1, 0, 0, 1,-0.785014,-1.598656,-4.403641,-1,2
68475,629112,1.881740,41984.974251,41985.094950,1, 0, 0, 1,-5.498844,0.138001,-6.988497,-1,2
68475,629113,1.947701,41985.040211,41985.160911,1, 0, 0, 1,2.117905,-5.650410,-6.709859,-1,2
68475,629357,0.159129,42013.612026,42013.732782,1, 0, 0, 1,2.551327,-4.737559,-3.240603,-1,2
68475,629358,0.222445,42013.675341,42013.796097,1, 0, 0, 1,-3.819560,3.654724,-11.958146,-1,2
68475,629359,0.253106,42013.706002,42013.826759,1, 0, 0, 1,-1.318292,-8.473073,-8.517915,-1,2
68475,629360,0.290800,42013.743696,42013.864453,1, 0, 0, 1,4.041379,-0.842779,-16.464310,-1,2
68475,629361,0.294500,42013.747397,42013.868153,0, 0, 0, 0,-99.000000,-99.000000,-99.000000,-1,0
68475,629362,0.308020,42013.760916,42013.881673,1, 0, 0, 1,4.488308,-8.604938,-7.171439,-1,2
68475,629363,0.345795,42013.798691,42013.919448,0, 0, 0, 0,-99.000000,-99.000000,-99.000000,-1,0
68475,629364,0.436273,42013.889169,42014.009925,1, 0, 0, 1,8.137076,-3.891819,-20.446356,-1,2
68475,629365,0.473374,42013.926270,42014.047026,0, 0, 0, 0,-99.000000,-99.000000,-99.000000,-1,1
68475,629366,0.715442,42014.168338,42014.289095,1, 1, 0, 1,1.930746,-2.756835,-10.858735,-1,3
68475,629367,1.105102,42014.557997,42014.678755,1, 0, 0, 1,-5.409837,4.376351,9.478285,-1,2
68475,629368,1.368560,42014.821455,42014.942213,0, 0, 0, 0,-99.000000,-99.000000,-99.000000,-1,0
68475,629369,1.391417,42014.844312,42014.965070,1, 0, 0, 1,-8.232397,-2.499674,3.465506,-1,2
68475,629370,1.460742,42014.913636,42015.034395,0, 0, 0, 0,-99.000000,-99.000000,-99.000000,-1,1
68475,629371,1.527817,42014.980711,42015.101470,0, 0, 0, 0,-99.000000,-99.000000,-99.000000,-1,0
68475,629372,1.593622,42015.046516,42015.167275,0, 0, 0, 0,-99.000000,-99.000000,-99.000000,-1,1
68475,629373,1.594697,42015.047591,42015.168350,0, 0, 0, 0,-99.000000,-99.000000,-99.000000,-1,1
68475,629374,1.863540,42015.316434,42015.437193,1, 0, 0, 1,1.851024,-9.912017,18.702244,-1,2
68475,629415,0.354710,42019.932900,42020.053668,1, 0, 0, 1,-2.391566,5.697938,-19.993529,-1,2
68475,629416,0.916048,42020.494236,42020.615006,0, 0, 0, 0,-99.000000,-99.000000,-99.000000,-1,0
68475,629417,1.337030,42020.915217,42021.035987,0, 0, 0, 0,-99.000000,-99.000000,-99.000000,-1,1
68475,629418,1.354618,42020.932805,42021.053576,0, 0, 0, 0,-99.000000,-99.000000,-99.000000,-1,0
68475,629419,1.564747,42021.142934,42021.263705,0, 0, 0, 0,-99.000000,-99.000000,-99.000000,-1,1
68475,629420,1.773344,42021.351531,42021.472302,1, 0, 0, 1,-8.008081,0.581724,-14.019082,-1,2
68475,629680,0.012638,42049.951211,42050.072038,1, 0, 0, 1,0.266456,-2.334943,7.558166,-1,2
68475,629681,0.082752,42050.021324,42050.142152,1, 0, 0, 1,5.899523,5.453143,6.750028,-1,2
68475,629682,0.127396,42050.065968,42050.186796,1, 0, 0, 1,-6.032184,-3.058479,6.693967,-1,2
68475,629683,0.488238,42050.426809,42050.547638,1, 0, 0, 1,-5.468929,-2.869001,5.572701,-1,2
68475,629684,0.495899,42050.434471,42050.555300,1, 0, 0, 1,0.802886,-1.942543,-5.812840,-1,4
68475,629685,0.537044,42050.475616,42050.596445,0, 0, 0, 0,-99.000000,-99.000000,-99.000000,-1,0
68475,629686,0.564288,42050.502860,42050.623688,0, 0, 0, 0,-99.000000,-99.000000,-99.000000,-1,1
68475,629687,0.756077,42050.694649,42050.815478,1, 0, 0, 1,2.303267,2.380322,-6.085149,-1,2
68475,629688,0.924855,42050.863426,42050.984255,1, 0, 0, 1,3.751553,2.457408,-15.732582,-1,2
68475,629689,0.929816,42050.868387,42050.989217,1, 0, 0, 1,-4.378525,5.429285,-9.321832,-1,2
68475,629690,0.942116,42050.880687,42051.001517,1, 0, 0, 1,-3.883440,-1.676153,0.054053,-1,2
68475,629691,1.016083,42050.954654,42051.075483,1, 0, 0, 1,-5.325340,2.362099,13.137095,-1,2
68475,629692,1.075191,42051.013762,42051.134592,1, 0, 0, 1,-2.912453,0.104136,0.760277,-1,2
68475,629693,1.403690,42051.342260,42051.463091,0, 0, 0, 0,-99.000000,-99.000000,-99.000000,-1,1
68475,629694,1.544519,42051.483089,42051.603920,1, 0, 0, 1,-8.312046,0.595757,-19.390552,-1,2
68475,629695,1.690280,42051.628850,42051.749681,1, 0, 0, 1,7.099163,2.565795,9.931744,-1,2
68475,629696,1.888157,42051.826726,42051.947558,1, 0, 0, 1,3.541343,-5.875065,21.269242,-1,2
68475,629697,1.990312,42051.928881,42052.049713,1, 0, 0, 1,-3.956485,6.852194,-4.203409,-1,2
68475,629865,0.181762,42068.640228,42068.761092,1, 0, 0, 1,7.055161,-4.363830,5.459107,-1,2
68475,629866,0.510382,42068.968847,42069.089712,1, 0, 0, 1,-1.426839,-0.067183,6.946994,-1,2
68475,629867,0.742909,42069.201373,42069.322239,0, 0, 0, 0,-99.000000,-99.000000,-99.000000,-1,1
68475,629868,0.754856,42069.213321,42069.334186,1, 0, 0, 1,-3.905538,-3.242929,-16.640137,-1,2
68475,629869,0.958139,42069.416602,42069.537468,1, 0, 0, 1,8.796724,-0.264115,-6.737167,-1,2
68475,629870,1.067241,42069.525705,42069.646571,1, 0, 0, 1,6.324531,-2.804097,-8.096144,-1,2
68475,629871,1.081221,42069.539684,42069.660551,1, 0, 0, 1,3.494534,-1.683643,-4.769104,-1,2
68475,629872,1.118904,42069.577367,42069.698234,0, 0, 0, 0,-99.000000,-99.000000,-99.000000,-1,0
68475,629873,1.184102,42069.642565,42069.763432,1, 0, 0, 1,-2.306019,7.719679,-16.578730,-1,2
68475,629874,1.231644,42069.690108,42069.810974,1, 0, 0, 1,-0.161055,-3.359848,-14.823478,-1,2
68475,629875,1.346727,42069.805190,42069.926057,1, 0, 0, 1,-1.960725,-3.659361,6.999374,-1,2
68475,629876,1.759917,42070.218379,42070.339247,1, 0, 0, 1,-4.285781,4.118941,-9.582261,-1,2
68475,629877,2.009337,42070.467799,42070.588667,1, 0, 0, 1,-6.571468,1.892664,-6.666130,-1,2
68475,630142,0.127800,42098.946649,42099.067573,0, 0, 0, 0,-99.000000,-99.000000,-99.000000,-1,1
68475,630143,0.153313,42098.972162,42099.093086,1, 0, 0, 1,7.631562,1.851759,-9.574598,-1,2
68475,630144,0.478613,42099.297461,42099.418385,0, 0, 0, 0,-99.000000,-99.000000,-99.000000,-1,0
68475,630145,0.480957,42099.299805,42099.420730,1, 0, 0, 1,-7.271180,1.105558,13.399214,-1,2
68475,630146,0.494629,42099.313477,42099.434402,0, 0, 0, 0,-99.000000,-99.000000,-99.000000,-1,0
68475,630147,0.519822,42099.338670,42099.459595,0, 0, 0, 0,-99.000000,-99.000000,-99.000000,-1,0
68475,630148,0.521984,42099.340832,42099.461757,0, 0, 0, 0,-99.000000,-99.000000,-99.000000,-1,1
68475,630149,0.544094,42099.362942,42099.483867,0, 0, 0, 0,-99.000000,-99.000000,-99.000000,-1,0
68475,630150,0.606242,42099.425090,42099.546015,1, 0, 0, 1,-5.877108,-7.730150,-12.374998,-1,2
68475,630151,1.001504,42099.820351,42099.941276,1, 0, 0, 1,-3.831974,-7.267608,21.258271,-1,2
68475,630152,1.032481,42099.851328,42099.972254,1, 0, 0, 1,3.793465,8.778086,20.419979,-1,2
68475,630153,1.038262,42099.857109,42099.978035,0, 0, 0, 0,-99.000000,-99.000000,-99.000000,-1,1
68475,630154,1.237750,42100.056596,42100.177523,1, 0, 0, 1,5.189371,5.834783,10.858619,-1,2
68475,630155,1.315260,42100.134106,42100.255033,1, 0, 0, 1,-6.523806,2.105659,17.219899,-1,2
68475,630156,1.375413,42100.194259,42100.315185,0, 0, 0, 0,-99.000000,-99.000000,-99.000000,-1,0
68475,630157,1.483561,42100.302407,42100.423334,0, 0, 0, 0,-99.000000,-99.000000,-99.000000,-1,1
68475,630158,1.508967,42100.327813,42100.448740,1, 0, 0, 1,1.519337,-5.041011,-7.706735,-1,2
68475,630159,1.542923,42100.361769,42100.482696,0, 0, 0, 0,-99.000000,-99.000000,-99.000000,-1,1
68475,630160,1.591630,42100.410475,42100.531402,0, 0, 0, 0,-99.000000,-99.000000,-99.000000,-1,1
68475,630161,1.609588,42100.428434,42100.549361,0, 0, 0, 0,-99.000000,-99.000000,-99.000000,-1,1
68475,630162,1.634491,42100.453336,42100.574263,0, 0, 0, 0,-99.000000,-99.000000,-99.000000,-1,1
68475,630163,1.636263,42100.455109,42100.576036,0, 0, 0, 0,-99.000000,-99.000000,-99.000000,-1,1
68475,630164,1.637816,42100.456661,42100.577589,0, 0, 0, 0,-99.000000,-99.000000,-99.000000,-1,0
68475,630165,1.662217,42100.481062,42100.601989,1, 0, 0, 1,2.454182,0.745099,0.380353,-1,2
68475,630166,1.797707,42100.616552,42100.737479,1, 0, 0, 1,1.393132,-2.121772,3.419289,-1,2
68475,630167,1.939152,42100.757997,42100.878925,0, 0, 0, 0,-99.000000,-99.000000,-99.000000,-1,1
68475,630192,0.002865,42104.946989,42105.067925,1, 0, 0, 1,-1.892839,6.367438,-12.630816,-1,2
68475,630193,0.049635,42104.993759,42105.114695,1, 0, 0, 1,8.031260,3.802412,14.691496,-1,2
68475,630194,0.092314,42105.036438,42105.157374,0, 0, 0, 0,-99.000000,-99.000000,-99.000000,-1,1
68475,630195,0.194349,42105.138473,42105.259409,1, 0, 0, 1,1.198808,-9.161923,17.686682,-1,2
68475,630196,0.245645,42105.189769,42105.310705,0, 0, 0, 0,-99.000000,-99.000000,-99.000000,-1,0
68475,630197,0.306096,42105.250219,42105.371156,1, 0, 0, 1,0.844595,3.528403,16.035551,-1,2
68475,630198,0.380233,42105.324356,42105.445292,1, 0, 0, 1,3.535690,-0.100010,-14.215404,-1,2
68475,630199,0.459544,42105.403667,42105.524604,0, 0, 0, 0,-99.000000,-99.000000,-99.000000,-1,1
68475,630200,0.476533,42105.420656,42105.541593,0, 0, 0, 0,-99.000000,-99.000000,-99.000000,-1,1
68475,630201,0.665636,42105.609759,42105.730696,0, 0, 0, 0,-99.000000,-99.000000,-99.000000,-1,1
68475,630202,0.732579,42105.676701,42105.797639,1, 0, 0, 1,-3.917140,5.129696,-12.806606,-1,2
68475,630203,0.785339,42105.729462,42105.850399,0, 0, 0, 0,-99.000000,-99.000000,-99.000000,-1,1
68475,630204,0.955803,42105.899925,42106.020862,1, 0, 0, 1,-0.224818,-8.310426,-16.530168,-1,2
68475,630205,1.146146,42106.090267,42106.211205,0, 0, 0, 0,-99.000000,-99.000000,-99.000000,-1,1
68475,630206,1.450304,42106.394425,42106.515364,0, 0, 0, 0,-99.000000,-99.000000,-99.000000,-1,1
68475,630207,1.492305,42106.436426,42106.557365,1, 0, 0, 1,-7.725243,-2.801665,6.309542,-1,2
68475,630208,1.574740,42106.518861,42106.639800,1, 0, 0, 1,-8.247410,5.485767,16.192082,-1,2
68475,630209,1.597875,42106.541996,42106.662935,0, 0, 0, 0,-99.000000,-99.000000,-99.000000,-1,1
68475,630210,1.622983,42106.567103,42106.688042,0, 0, 0, 0,-99.000000,-99.000000,-99.000000,-1,0
68475,630472,0.039016,42135.343523,42135.464518,0, 0, 0, 0,-99.000000,-99.000000,-99.000000,-1,1
68475,630473,0.054027,42135.358534,42135.479530,1, 0, 0, 1,1.905442,3.158472,9.243555,-1,2
68475,630474,0.105277,42135.409784,42135.530779,1, 0, 0, 1,3.954797,-5.330938,10.755056,-1,2
68475,630475,0.356457,42135.660963,42135.781959,1, 0, 0, 1,-5.245899,3.905412,-6.349180,-1,2
68475,630476,0.630772,42135.935278,42136.056275,0, 0, 0, 0,-99.000000,-99.000000,-99.000000,-1,0
68475,630477,0.669209,42135.973715,42136.094712,1, 0, 0, 1,-4.582767,-5.376175,11.080109,-1,2
68475,630478,0.977432,42136.281937,42136.402935,1, 0, 0, 1,5.085244,-1.079275,6.533085,-1,2
68475,630479,1.007658,42136.312163,42136.433161,1, 0, 0, 1,5.999009,-4.836762,19.476090,-1,2
68475,630480,1.073785,42136.378290,42136.499288,0, 0, 0, 0,-99.000000,-99.000000,-99.000000,-1,0
68475,630481,1.151725,42136.456230,42136.577227,0, 0, 0, 0,-99.000000,-99.000000,-99.000000,-1,1
68475,630482,1.188092,42136.492597,42136.613595,1, 0, 0, 1,-0.391380,0.722436,3.221048,-1,2
68475,630483,1.359332,42136.663836,42136.784834,0, 0, 0, 0,-99.000000,-99.000000,-99.000000,-1,1
68475,630484,1.517500,42136.822004,42136.943003,1, 0, 0, 1,-8.123653,-7.490057,-9.755099,-1,3
68475,630485,1.532323,42136.836827,42136.957825,1, 0, 0, 1,-0.319555,-0.829591,-10.664729,-1,2
68475,630486,1.540274,42136.844778,42136.965777,1, 0, 0, 1,-1.427049,-6.683447,9.535095,-1,2
68475,630487,1.598776,42136.903280,42137.024279,1, 0, 0, 1,-1.148510,-1.590874,-11.293862,-1,2
68475,630488,1.655746,42136.960250,42137.081249,0, 0, 0, 0,-99.000000,-99.000000,-99.000000,-1,1
68475,630489,1.701341,42137.005844,42137.126843,1, 0, 0, 1,-4.253807,-2.386787,-13.593501,-1,2
68475,630490,1.780811,42137.085314,42137.206313,0, 0, 0, 0,-99.000000,-99.000000,-99.000000,-1,0
68475,630491,1.835576,42137.140079,42137.261078,0, 0, 0, 0,-99.000000,-99.000000,-99.000000,-1,1
68475,630492,1.839915,42137.144418,42137.265417,1, 0, 0, 1,-5.237860,3.241381,-5.008177,-1,2
68475,630640,0.115719,42153.933179,42154.054211,1, 0, 0, 1,0.711635,-7.527813,14.956907,-1,2
68475,630641,0.234190,42154.051649,42154.172682,0, 0, 0, 0,-99.000000,-99.000000,-99.000000,-1,1
68475,630642,0.276887,42154.094347,42154.215379,0, 0, 0, 0,-99.000000,-99.000000,-99.000000,-1,1
68475,630643,0.401363,42154.218822,42154.339854,0, 0, 0, 0,-99.000000,-99.000000,-99.000000,-1,1
68475,630644,0.587430,42154.404889,42154.525922,1, 0, 0, 1,1.426933,-0.449423,-11.316177,-1,2
68475,630645,0.714291,42154.531749,42154.652783,1, 0, 0, 1,-6.263885,0.785979,16.730066,-1,2
68475,630646,0.810652,42154.628110,42154.749144,1, 0, 0, 1,2.963983,0.800313,0.293527,-1,2
68475,630647,0.938328,42154.755786,42154.876820,1, 0, 0, 1,6.285629,-6.133899,-5.889881,-1,2
68475,630648,0.950830,42154.768288,42154.889321,1, 0, 0, 1,-1.700830,2.523478,-20.590547,-1,2
68475,630649,0.978492,42154.795950,42154.916984,1, 0, 0, 1,4.146301,8.642465,-14.199828,-1,2
68475,630650,0.983782,42154.801240,42154.922274,1, 1, 0, 1,-0.779723,-0.452753,0.290004,-1,7
68475,630651,0.985145,42154.802603,42154.923637,0, 0, 0, 0,-99.000000,-99.000000,-99.000000,-1,1
68475,630652,1.526849,42155.344306,42155.465341,0, 0, 0, 0,-99.000000,-99.000000,-99.000000,-1,1
68475,630653,1.743632,42155.561088,42155.682124,1, 0, 0, 1,0.882026,-2.997309,-3.778169,-1,2
68475,630654,1.812194,42155.629650,42155.750685,1, 0, 0, 1,8.099799,1.731878,-17.355507,-1,2
68475,630655,1.986241,42155.803698,42155.924733,1, 0, 0, 1,6.916845,4.212886,-6.698573,-1,2
68475,630933,0.131340,42184.309183,42184.430275,0, 0, 0, 0,-99.000000,-99.000000,-99.000000,-1,1
68475,630934,0.237473,42184.415315,42184.536407,0, 0, 0, 0,-99.000000,-99.000000,-99.000000,-1,1
68475,630935,0.293308,42184.471151,42184.592243,0, 0, 0, 0,-99.000000,-99.000000,-99.000000,-1,1
68475,630936,0.296232,42184.474075,42184.595167,0, 0, 0, 0,-99.000000,-99.000000,-99.000000,-1,1
68475,630937,0.300150,42184.477993,42184.599085,0, 0, 0, 0,-99.000000,-99.000000,-99.000000,-1,0
68475,630938,0.353673,42184.531516,42184.652608,0, 0, 0, 0,-99.000000,-99.000000,-99.000000,-1,0
68475,630939,0.450698,42184.628540,42184.749633,1, 0, 0, 1,-2.466355,-9.999981,2.563998,-1,3
68475,630940,0.530043,42184.707885,42184.828978,0, 0, 0, 0,-99.000000,-99.000000,-99.000000,-1,0
68475,630941,0.737182,42184.915023,42185.036116,1, 0, 0, 1,8.406348,1.961648,-19.373292,-1,2
68475,630942,0.809811,42184.987653,42185.108746,0, 0, 0, 0,-99.000000,-99.000000,-99.000000,-1,1
68475,630943,0.885667,42185.063508,42185.184602,1, 0, 0, 1,5.026562,2.231839,-6.339644,-1,2
68475,630944,0.992620,42185.170461,42185.291555,1, 0, 0, 1,5.950905,-0.711455,-16.392673,-1,2
68475,630945,1.056334,42185.234176,42185.355269,1, 0, 0, 1,1.631772,-1.221187,-2.993428,-1,2
68475,630946,1.061069,42185.238910,42185.360004,1, 0, 0, 1,-6.187233,0.108914,11.294201,-1,2
68475,630947,1.297256,42185.475097,42185.596191,0, 0, 0, 0,-99.000000,-99.000000,-99.000000,-1,0
68475,630948,1.563896,42185.741736,42185.862830,1, 0, 0, 1,1.783338,4.368548,-7.096684,-1,2
68475,630949,1.691460,42185.869300,42185.990395,1, 0, 0, 1,-7.019334,2.372993,3.855167,-1,2
68475,630950,1.856751,42186.034590,42186.155685,0, 0, 0, 0,-99.000000,-99.000000,-99.000000,-1,1
68475,630951,1.965561,42186.143400,42186.264496,1, 0, 0, 1,3.585114,5.386694,7.290081,-1,2
68475,630997,0.047960,42190.350989,42190.472092,1, 0, 0, 1,-4.754022,-0.551904,-6.399813,-1,3
68475,630998,0.073914,42190.376943,42190.498046,0, 0, 0, 0,-99.000000,-99.000000,-99.000000,-1,1
68475,630999,0.185678,42190.488706,42190.609810,1, 0, 0, 1,5.493939,5.874873,-10.465059,-1,2
68475,631000,0.188102,42190.491131,42190.612235,1, 0, 0, 1,-2.037664,-8.398072,-7.776452,-1,2
68475,631001,0.219862,42190.522890,42190.643994,1, 0, 0, 1,0.187744,-0.512821,1.396865,-1,2
68475,631002,0.434198,42190.737226,42190.858331,1, 0, 0, 1,7.191502,1.817516,9.131086,-1,2
68475,631003,0.587197,42190.890225,42191.011330,1, 0, 0, 1,6.376763,-3.325164,-11.565312,-1,2
68475,631004,0.645009,42190.948036,42191.069141,1, 0, 0, 1,3.458570,-4.765258,-7.113215,-1,2
68475,631005,0.657589,42190.960617,42191.081721,0, 0, 0, 0,-99.000000,-99.000000,-99.000000,-1,1
68475,631006,0.764953,42191.067980,42191.189085,1, 0, 0, 1,-3.460586,4.509303,21.231105,-1,3
68475,631007,0.899638,42191.202665,42191.323770,1, 0, 0, 1,5.825770,-4.254846,2.990037,-1,2
68475,631008,1.231513,42191.534539,42191.655645,1, 0, 0, 1,-3.727074,3.112584,9.876792,-1,2
68475,631009,1.350375,42191.653401,42191.774507,1, 0, 0, 1,5.115822,-3.224607,7.469683,-1,2
68475,631010,1.416878,42191.719904,42191.841010,1, 0, 0, 1,-0.968736,1.140684,7.124646,-1,2
68475,631011,1.481733,42191.784759,42191.905866,1, 0, 0, 1,0.833876,0.598572,-14.139152,-1,2
68475,631012,1.505859,42191.808885,42191.929991,1, 0, 0, 1,7.507259,0.204083,4.812824,-1,2
68475,631013,1.585494,42191.888519,42192.009626,1, 0, 0, 1,0.066799,-4.066017,0.584093,-1,2
68475,631014,1.602554,42191.905580,42192.026686,1, 0, 0, 1,1.841231,3.331321,-7.799463,-1,2
68475,631015,1.606131,42191.909157,42192.030264,0, 0, 0, 0,-99.000000,-99.000000,-99.000000,-1,1
68475,631016,1.689176,42191.992202,42192.113309,1, 0, 0, 1,-5.123657,0.729550,-5.990481,-1,2
68475,631017,1.851078,42192.154103,42192.275210,1, 0, 0, 1,6.389288,10.429742,13.890957,-1,2
68475,631018,1.996252,42192.299277,42192.420384,1, 0, 0, 1,0.813194,1.466335,-12.355289,-1,2
68475,631293,0.144592,42220.808003,42220.929167,0, 0, 0, 0,-99.000000,-99.000000,-99.000000,-1,1
68475,631294,0.156246,42220.819658,42220.940821,1, 0, 0, 1,5.248893,-3.641667,5.630004,-1,2
68475,631295,0.192569,42220.855980,42220.977144,0, 0, 0, 0,-99.000000,-99.000000,-99.000000,-1,1
68475,631296,0.225373,42220.888785,42221.009949,0, 0, 0, 0,-99.000000,-99.000000,-99.000000,-1,1
68475,631297,0.365740,42221.029151,42221.150315,1, 0, 0, 1,2.090737,3.374607,-6.346242,-1,2
68475,631298,0.484296,42221.147707,42221.268871,1, 0, 0, 1,-5.009852,-2.449032,0.426818,-1,2
68475,631299,0.574757,42221.238168,42221.359332,1, 0, 0, 1,5.272728,-2.645432,-16.625814,-1,2
68475,631300,0.608610,42221.272021,42221.393186,0, 0, 0, 0,-99.000000,-99.000000,-99.000000,-1,1
68475,631301,0.675055,42221.338466,42221.459630,1, 0, 0, 1,-4.915377,-6.921374,18.931178,-1,2
68475,631302,0.680157,42221.343568,42221.464732,0, 0, 0, 0,-99.000000,-99.000000,-99.000000,-1,1
68475,631303,0.761883,42221.425294,42221.546458,0, 0, 0, 0,-99.000000,-99.000000,-99.000000,-1,0
68475,631304,0.857444,42221.520854,42221.642019,1, 0, 0, 1,1.019034,-2.998509,5.760256,-1,2
68475,631305,0.910242,42221.573652,42221.694817,1, 0, 0, 1,-1.569129,-8.053872,20.448050,-1,2
68475,631306,0.972405,42221.635816,42221.756981,1, 0, 0, 1,-6.780249,1.495341,14.229314,-1,2
68475,631307,1.044980,42221.708390,42221.829555,1, 0, 0, 1,-1.286641,-0.405365,11.039149,-1,2
68475,631308,1.138070,42221.801480,42221.922645,0, 0, 0, 0,-99.000000,-99.000000,-99.000000,-1,0
68475,631309,1.244450,42221.907860,42222.029026,1, 0, 0, 1,4.998752,-0.095866,19.300687,-1,2
68475,631310,1.305748,42221.969157,42222.090323,0, 0, 0, 0,-99.000000,-99.000000,-99.000000,-1,1
68475,631311,1.407328,42222.070738,42222.191904,0, 0, 0, 0,-99.000000,-99.000000,-99.000000,-1,0
68475,631312,1.449648,42222.113057,42222.234223,0, 0, 0, 0,-99.000000,-99.000000,-99.000000,-1,1
68475,631313,1.543625,42222.207035,42222.328201,1, 0, 0, 1,10.209851,8.055166,-8.966846,-1,2
68475,631314,1.659475,42222.322884,42222.444051,0, 0, 0, 0,-99.000000,-99.000000,-99.000000,-1,1
68475,631315,1.878746,42222.542155,42222.663322,0, 0, 0, 0,-99.000000,-99.000000,-99.000000,-1,0
68475,631316,1.971128,42222.634536,42222.755703,1, 0, 0, 1,4.202652,0.464693,-17.442527,-1,2
68475,631317,1.992828,42222.656236,42222.777403,1, 0, 0, 1,-2.679393,-3.504588,-15.152343,-1,2
68475,631318,2.020557,42222.683965,42222.805132,0, 0, 0, 0,-99.000000,-99.000000,-99.000000,-1,0
68475,631481,0.033064,42239.178461,42239.299660,1, 0, 0, 1,-2.264504,1.799495,-6.776866,-1,2
68475,631482,0.134297,42239.279694,42239.400894,1, 0, 0, 1,-3.832216,5.046275,-2.061325,-1,2
68475,631483,0.176661,42239.322057,42239.443257,0, 0, 0, 0,-99.000000,-99.000000,-99.000000,-1,1
68475,631484,0.182145,42239.327541,42239.448741,1, 0, 0, 1,-4.386437,-2.038242,-14.781875,-1,2
68475,631485,0.218230,42239.363626,42239.484826,1, 0, 0, 1,3.197311,-2.341572,3.280915,-1,2
68475,631486,0.227344,42239.372740,42239.493940,1, 0, 0, 1,-3.832842,4.321396,5.484578,-1,2
68475,631487,0.265305,42239.410701,42239.531901,1, 0, 0, 1,-8.859086,4.953306,6.572389,-1,2
68475,631488,0.382104,42239.527500,42239.648700,1, 0, 0, 1,0.346456,5.044715,-13.142676,-1,2
68475,631489,0.385641,42239.531036,42239.652237,0, 0, 0, 0,-99.000000,-99.000000,-99.000000,-1,0
68475,631490,0.678258,42239.823653,42239.944854,1, 0, 0, 1,-3.825378,3.782213,6.462003,-1,2
68475,631491,0.708575,42239.853971,42239.975172,0, 0, 0, 0,-99.000000,-99.000000,-99.000000,-1,1
68475,631492,0.786029,42239.931424,42240.052625,1, 0, 0, 1,-4.076996,-0.397844,-12.216054,-1,3
68475,631493,0.803520,42239.948915,42240.070116,0, 0, 0, 0,-99.000000,-99.000000,-99.000000,-1,1
68475,631494,0.861308,42240.006703,42240.127905,1, 0, 0, 1,-8.021684,0.895529,-8.570432,-1,2
68475,631495,1.044554,42240.189949,42240.311150,1, 0, 0, 1,-2.892526,0.153411,-4.181323,-1,2
68475,631496,1.162607,42240.308001,42240.429203,1, 0, 0, 1,1.623398,5.723080,-12.859334,-1,2
68475,631497,1.206781,42240.352176,42240.473378,0, 0, 0, 0,-99.000000,-99.000000,-99.000000,-1,1
68475,631498,1.339850,42240.485244,42240.606446,0, 0, 0, 0,-99.000000,-99.000000,-99.000000,-1,1
68475,631499,1.467720,42240.613114,42240.734316,0, 0, 0, 0,-99.000000,-99.000000,-99.000000,-1,1
68475,631500,1.606216,42240.751609,42240.872812,0, 0, 0, 0,-99.000000,-99.000000,-99.000000,-1,1
68475,631501,1.766264,42240.911657,42241.032860,1, 0, 0, 1,5.333510,-2.023678,-4.290365,-1,2
68475,631502,1.766817,42240.912211,42241.033414,1, 0, 0, 1,4.775262,7.649420,15.148777,-1,2
68475,631503,1.807225,42240.952618,42241.073821,0, 0, 0, 0,-99.000000,-99.000000,-99.000000,-1,0
68475,631504,1.975287,42241.120680,42241.241883,1, 0, 0, 1,6.375109,0.438479,17.706273,-1,5
68475,631779,0.121209,42269.626988,42269.748248,1, 0, 0, 1,-5.863696,4.842668,-10.495645,-1,2
68475,631780,0.149632,42269.655411,42269.776671,1, 0, 0, 1,-7.386213,2.462821,7.923605,-1,2
68475,631781,0.405189,42269.910968,42270.032228,0, 0, 0, 0,-99.000000,-99.000000,-99.000000,-1,1
68475,631782,0.424348,42269.930127,42270.051387,0, 0, 0, 0,-99.000000,-99.000000,-99.000000,-1,1
68475,631783,0.566244,42270.072022,42270.193283,0, 0, 0, 0,-99.000000,-99.000000,-99.000000,-1,1
68475,631784,0.574958,42270.080736,42270.201997,0, 0, 0, 0,-99.000000,-99.000000,-99.000000,-1,1
68475,631785,0.749229,42270.255007,42270.376268,0, 0, 0, 0,-99.000000,-99.000000,-99.000000,-1,1
68475,631786,0.808732,42270.314510,42270.435771,0, 0, 0, 0,-99.000000,-99.000000,-99.000000,-1,1
68475,631787,0.839606,42270.345384,42270.466645,1, 0, 0, 1,0.787435,2.926459,-18.259633,-1,2
68475,631788,0.935820,42270.441598,42270.562859,0, 0, 0, 0,-99.000000,-99.000000,-99.000000,-1,0
68475,631789,0.993158,42270.498936,42270.620197,0, 0, 0, 0,-99.000000,-99.000000,-99.000000,-1,1
68475,631790,1.066932,42270.572710,42270.693971,1, 0, 0, 1,2.317438,11.104346,-8.434844,-1,2
68475,631791,1.072631,42270.578408,42270.699670,1, 0, 0, 1,1.834198,-7.025818,-17.435828,-1,2
68475,631792,1.082647,42270.588424,42270.709686,0, 0, 0, 0,-99.000000,-99.000000,-99.000000,-1,1
68475,631793,1.165243,42270.671020,42270.792282,0, 0, 0, 0,-99.000000,-99.000000,-99.000000,-1,1
68475,631794,1.205426,42270.711203,42270.832465,1, 0, 0, 1,2.799163,-4.622838,-14.753769,-1,3
68475,631795,1.260989,42270.766766,42270.888028,1, 0, 0, 1,-2.911575,1.048088,-0.094657,-1,2
68475,631796,1.451669,42270.957446,42271.078708,1, 0, 0, 1,-1.146043,4.410283,-16.102389,-1,2
68475,631797,1.494023,42270.999799,42271.121062,0, 0, 0, 0,-99.000000,-99.000000,-99.000000,-1,1
68475,631798,1.608254,42271.114030,42271.235293,1, 0, 0, 1,-3.317166,8.670581,-11.874411,-1,2
68475,631799,1.657310,42271.163087,42271.284349,0, 0, 0, 0,-99.000000,-99.000000,-99.000000,-1,0
68475,631800,1.699363,42271.205139,42271.326402,0, 0, 0, 0,-99.000000,-99.000000,-99.000000,-1,1
68475,631801,1.770045,42271.275821,42271.397084,1, 0, 0, 1,-4.357300,-4.332145,-2.160746,-1,2
68475,631802,1.776830,42271.282606,42271.403869,0, 0, 0, 0,-99.000000,-99.000000,-99.000000,-1,0
68475,631803,1.886263,42271.392039,42271.513302,1, 0, 0, 1,8.183590,-2.949267,-15.943655,-1,2
68475,631804,1.906514,42271.412290,42271.533553,1, 0, 0, 1,-5.624761,-2.820380,-17.411239,-1,2
68475,631805,1.917579,42271.423355,42271.544618,1, 0, 0, 1,-5.208580,4.711204,9.355453,-1,3
68475,631806,1.934464,42271.440240,42271.561503,1, 0, 0, 1,3.689188,-5.956789,-18.023470,-1,2
68475,631807,1.953160,42271.458936,42271.580199,1, 0, 0, 1,6.415894,2.033315,-17.479655,-1,2
68475,631808,2.010591,42271.516367,42271.637630,1, 0, 0, 1,5.449400,5.747669,-14.803839,-1,2
68475,631809,2.017066,42271.522842,42271.644105,0, 0, 0, 0,-99.000000,-99.000000,-99.000000,-1,1
68475,631850,0.027121,42275.658160,42275.779432,1, 0, 0, 1,0.565846,-8.684756,15.599881,-1,2
68475,631851,0.038240,42275.669279,42275.790550,1, 0, 0, 1,3.750530,8.089901,-5.770575,-1,2
68475,631852,0.131806,42275.762845,42275.884117,1, 0, 0, 1,-7.187784,0.710600,-21.581700,-1,2
68475,631853,0.197091,42275.828130,42275.949401,0, 0, 0, 0,-99.000000,-99.000000,-99.000000,-1,1
68475,631854,0.282383,42275.913422,42276.034694,0, 0, 0, 0,-99.000000,-99.000000,-99.000000,-1,1
68475,631855,0.290585,42275.921624,42276.042896,1, 0, 0, 1,-3.424997,-3.691280,-17.386948,-1,2
68475,631856,0.355983,42275.987021,42276.108293,1, 0, 0, 1,-5.784737,9.075701,13.307395,-1,2
68475,631857,0.537329,42276.168367,42276.289640,0, 0, 0, 0,-99.000000,-99.000000,-99.000000,-1,1
68475,631858,0.724573,42276.355610,42276.476883,0, 0, 0, 0,-99.000000,-99.000000,-99.000000,-1,1
68475,631859,0.758489,42276.389527,42276.510800,1, 0, 0, 1,-3.317606,-2.621713,1.312521,-1,2
68475,631860,0.786269,42276.417307,42276.538580,1, 0, 0, 1,5.980409,3.185356,15.365119,-1,2
68475,631861,0.789723,42276.420761,42276.542034,0, 0, 0, 0,-99.000000,-99.000000,-99.000000,-1,0
68475,631862,0.946178,42276.577215,42276.698488,1, 0, 0, 1,2.724029,-0.745940,13.225977,-1,2
68475,631863,0.947177,42276.578214,42276.699488,1, 0, 0, 1,-5.286021,0.814523,4.154365,-1,2
68475,631864,1.024014,42276.655051,42276.776325,1, 1, 1, 1,-1.232795,-1.583794,9.609335,-1,3
68475,631865,1.126729,42276.757766,42276.879040,1, 0, 0, 1,-0.920239,2.367726,1.850461,-1,3
68475,631866,1.280000,42276.911037,42277.032311,0, 0, 0, 0,-99.000000,-99.000000,-99.000000,-1,0
68475,631867,1.303728,42276.934765,42277.056039,1, 0, 0, 1,-8.117855,4.484273,16.167810,-1,2
68475,631868,1.458651,42277.089687,42277.210962,0, 0, 0, 0,-99.000000,-99.000000,-99.000000,-1,0
68475,631869,1.517233,42277.148269,42277.269543,0, 0, 0, 0,-99.000000,-99.000000,-99.000000,-1,0
68475,631870,1.649589,42277.280625,42277.401900,1, 0, 0, 1,0.357902,-7.564793,-7.057054,-1,2
68475,631871,2.014188,42277.645223,42277.766499,0, 0, 0, 0,-99.000000,-99.000000,-99.000000,-1,0
68475,632114,0.043690,42306.035112,42306.156444,0, 0, 0, 0,-99.000000,-99.000000,-99.000000,-1,1
68475,632115,0.090151,42306.081573,42306.202904,1, 0, 0, 1,5.022880,-4.213654,-20.988914,-1,2
68475,632116,0.167854,42306.159276,42306.280607,0, 0, 0, 0,-99.000000,-99.000000,-99.000000,-1,0
68475,632117,0.186606,42306.178028,42306.299360,0, 0, 0, 0,-99.000000,-99.000000,-99.000000,-1,1
68475,632118,0.277148,42306.268570,42306.389902,1, 0, 0, 1,-8.210591,1.336279,-3.777871,-1,2
68475,632119,0.280668,42306.272090,42306.393422,1, 0, 0, 1,4.385318,2.514097,-16.302336,-1,2
68475,632120,0.371358,42306.362779,42306.484111,0, 0, 0, 0,-99.000000,-99.000000,-99.000000,-1,1
68475,632121,0.664980,42306.656401,42306.777734,1, 0, 0, 1,0.474945,-1.373968,-0.056538,-1,2
68475,632122,0.668692,42306.660113,42306.781446,1, 0, 0, 1,-2.819199,2.856172,3.197571,-1,2
68475,632123,0.716763,42306.708183,42306.829516,1, 0, 0, 1,-3.957660,-1.223030,-5.588251,-1,2
68475,632124,0.901896,42306.893316,42307.014649,0, 0, 0, 0,-99.000000,-99.000000,-99.000000,-1,1
68475,632125,0.979726,42306.971146,42307.092479,0, 0, 0, 0,-99.000000,-99.000000,-99.000000,-1,1
68475,632126,1.207226,42307.198646,42307.319979,1, 0, 0, 1,5.663816,1.186492,-14.877020,-1,2
68475,632127,1.279678,42307.271097,42307.392431,0, 0, 0, 0,-99.000000,-99.000000,-99.000000,-1,0
68475,632128,1.439342,42307.430761,42307.552096,0, 0, 0, 0,-99.000000,-99.000000,-99.000000,-1,1
68475,632129,1.614654,42307.606073,42307.727408,0, 0, 0, 0,-99.000000,-99.000000,-99.000000,-1,1
68475,632130,1.646548,42307.637967,42307.759301,1, 0, 0, 1,-2.923614,7.120024,-11.848614,-1,2
68475,632131,1.726168,42307.717587,42307.838922,1, 0, 0, 1,-1.998296,3.595999,-0.498599,-1,2
68475,632132,1.888023,42307.879442,42308.000777,0, 0, 0, 0,-99.000000,-99.000000,-99.000000,-1,1
68475,632133,1.898103,42307.889521,42308.010856,1, 0, 0, 1,10.820646,0.942614,-17.443263,-1,2
68475,632134,1.929267,42307.920685,42308.042020,1, 0, 0, 1,-1.829116,7.755866,9.902140,-1,2
68475,632286,0.267616,42324.793374,42324.914743,0, 0, 0, 0,-99.000000,-99.000000,-99.000000,-1,1
68475,632287,0.327003,42324.852761,42324.974130,1, 0, 0, 1,-2.647248,-3.860319,-0.180077,-1,2
68475,632288,0.357766,42324.883524,42325.004893,0, 0, 0, 0,-99.000000,-99.000000,-99.000000,-1,0
68475,632289,0.753565,42325.279323,42325.400692,0, 0, 0, 0,-99.000000,-99.000000,-99.000000,-1,1
68475,632290,0.771562,42325.297319,42325.418689,1, 0, 0, 1,-3.094143,-1.693826,-16.381761,-1,2
68475,632291,0.859528,42325.385285,42325.506655,1, 0, 0, 1,7.605312,0.866635,-7.353112,-1,2
68475,632292,0.884693,42325.410450,42325.531820,0, 0, 0, 0,-99.000000,-99.000000,-99.000000,-1,0
68475,632293,0.897566,42325.423323,42325.544693,1, 0, 0, 1,-5.347955,-5.819135,14.962210,-1,2
68475,632294,1.473128,42325.998884,42326.120255,1, 0, 0, 1,-0.281903,-7.160463,3.594661,-1,2
68475,632295,1.539867,42326.065623,42326.186994,1, 0, 0, 1,4.686714,6.885209,17.940444,-1,2
68475,632296,1.568760,42326.094515,42326.215886,1, 0, 0, 1,-3.655443,6.483824,-2.781248,-1,2
68475,632297,1.612230,42326.137985,42326.259357,0, 0, 0, 0,-99.000000,-99.000000,-99.000000,-1,1
68475,632298,1.672310,42326.198065,42326.319437,1, 0, 0, 1,-4.487480,10.125985,11.678089,-1,2
68475,632299,1.678158,42326.203913,42326.325285,0, 0, 0, 0,-99.000000,-99.000000,-99.000000,-1,0
68475,632300,1.891177,42326.416932,42326.538304,0, 0, 0, 0,-99.000000,-99.000000,-99.000000,-1,1
68475,632301,1.924820,42326.450575,42326.571947,0, 0, 0, 0,-99.000000,-99.000000,-99.000000,-1,1
68475,632580,0.207737,42355.093878,42355.215307,0, 0, 0, 0,-99.000000,-99.000000,-99.000000,-1,1
68475,632581,0.383041,42355.269182,42355.390610,1, 0, 0, 1,2.275926,-2.928380,13.607458,-1,2
68475,632582,0.442915,42355.329056,42355.450484,0, 0, 0, 0,-99.000000,-99.000000,-99.000000,-1,1
68475,632583,0.516576,42355.402717,42355.524146,1, 0, 0, 1,0.552909,-4.676491,14.538318,-1,2
68475,632584,0.735212,42355.621352,42355.742782,0, 0, 0, 0,-99.000000,-99.000000,-99.000000,-1,1
68475,632585,0.877984,42355.764124,42355.885554,0, 0, 0, 0,-99.000000,-99.000000,-99.000000,-1,1
68475,632586,1.077709,42355.963849,42356.085279,0, 0, 0, 0,-99.000000,-99.000000,-99.000000,-1,1
68475,632587,1.365477,42356.251616,42356.373047,0, 0, 0, 0,-99.000000,-99.000000,-99.000000,-1,0
68475,632588,1.387230,42356.273369,42356.394800,0, 0, 0, 0,-99.000000,-99.000000,-99.000000,-1,0
68475,632589,1.465457,42356.351596,42356.473026,1, 0, 0, 1,3.497186,2.669930,-9.551942,-1,2
68475,632590,1.579425,42356.465564,42356.586995,1, 0, 0, 1,2.520350,8.319997,20.739245,-1,2
68475,632591,1.632661,42356.518799,42356.640230,0, 0, 0, 0,-99.000000,-99.000000,-99.000000,-1,1
68475,632641,0.084265,42361.095566,42361.217006,0, 0, 0, 0,-99.000000,-99.000000,-99.000000,-1,1
68475,632642,0.102755,42361.114055,42361.235495,0, 0, 0, 0,-99.000000,-99.000000,-99.000000,-1,0
68475,632643,0.162193,42361.173493,42361.294933,1, 0, 0, 1,-2.520188,-4.184574,16.968652,-1,2
68475,632644,0.391123,42361.402422,42361.523863,1, 0, 0, 1,2.241091,0.049215,19.263770,-1,2
68475,632645,0.576706,42361.588005,42361.709446,1, 0, 0, 1,1.838358,-1.128170,-13.780502,-1,2
68475,632646,0.592545,42361.603844,42361.725285,0, 0, 0, 0,-99.000000,-99.000000,-99.000000,-1,1
68475,632647,0.636796,42361.648095,42361.769536,1, 0, 0, 1,5.100378,-2.574114,14.911010,-1,2
68475,632648,0.728728,42361.740027,42361.861468,1, 0, 0, 1,-1.055478,0.275875,-7.419452,-1,2
68475,632649,0.925478,42361.936776,42362.058218,0, 0, 0, 0,-99.000000,-99.000000,-99.000000,-1,0
68475,632650,1.017264,42362.028562,42362.150004,0, 0, 0, 0,-99.000000,-99.000000,-99.000000,-1,0
68475,632651,1.152024,42362.163322,42362.284764,0, 0, 0, 0,-99.000000,-99.000000,-99.000000,-1,1
68475,632652,1.411865,42362.423163,42362.544606,0, 0, 0, 0,-99.000000,-99.000000,-99.000000,-1,1
68475,632653,1.440087,42362.451385,42362.572828,1, 0, 0, 1,4.760821,-1.769635,13.355957,-1,2
68475,632654,1.491164,42362.502461,42362.623904,0, 0, 0, 0,-99.000000,-99.000000,-99.000000,-1,0
68475,632655,1.674286,42362.685583,42362.807026,1, 0, 0, 1,-4.358646,9.999981,-13.471882,-1,3
68475,632656,1.730896,42362.742193,42362.863636,1, 0, 0, 1,-5.104570,6.664634,-13.573179,-1,2
68475,632657,1.742061,42362.753358,42362.874801,1, 0, 0, 1,-6.131786,-0.741357,6.691935,-1,2
68475,632658,1.773988,42362.785285,42362.906729,0, 0, 0, 0,-99.000000,-99.000000,-99.000000,-1,1
68475,632659,1.805931,42362.817227,42362.938671,1, 0, 0, 1,-7.448174,2.189003,-12.554321,-1,2
68475,632660,1.840832,42362.852128,42362.973572,0, 0, 0, 0,-99.000000,-99.000000,-99.000000,-1,0
68475,632661,1.845691,42362.856987,42362.978431,1, 0, 0, 1,-5.622001,6.241881,7.240285,-1,2
68475,632662,1.958110,42362.969406,42363.090850,1, 0, 0, 1,7.788220,4.261836,-15.956269,-1,2
68475,632943,0.074646,42391.446329,42391.567829,1, 0, 0, 1,5.079291,2.255388,12.548668,-1,2
68475,632944,0.255248,42391.626930,42391.748430,0, 0, 0, 0,-99.000000,-99.000000,-99.000000,-1,1
68475,632945,0.263913,42391.635596,42391.757096,1, 0, 0, 1,0.116336,0.910166,-18.342897,-1,2
68475,632946,0.401460,42391.773143,42391.894643,1, 0, 0, 1,-6.595925,5.106498,-13.048288,-1,2
68475,632947,0.441743,42391.813425,42391.934925,1, 0, 0, 1,3.469827,-1.521034,2.053917,-1,2
68475,632948,0.470161,42391.841844,42391.963344,0, 0, 0, 0,-99.000000,-99.000000,-99.000000,-1,1
68475,632949,0.606615,42391.978297,42392.099797,1, 0, 0, 1,-0.920776,7.199515,-17.647723,-1,2
68475,632950,0.615890,42391.987572,42392.109073,1, 0, 0, 1,-0.194366,4.722201,12.612381,-1,2
68475,632951,0.665722,42392.037404,42392.158905,1, 0, 0, 1,-6.772193,-4.073390,17.517847,-1,2
68475,632952,0.979635,42392.351316,42392.472818,0, 0, 0, 0,-99.000000,-99.000000,-99.000000,-1,1
68475,632953,0.991722,42392.363404,42392.484905,0, 0, 0, 0,-99.000000,-99.000000,-99.000000,-1,0
68475,632954,1.076130,42392.447811,42392.569313,1, 0, 0, 1,-4.254125,-0.130920,15.049135,-1,2
68475,632955,1.133684,42392.505365,42392.626867,1, 0, 0, 1,-0.849888,6.254931,-12.767566,-1,2
68475,632956,1.216654,42392.588335,42392.709837,1, 0, 0, 1,1.748868,0.115055,-7.072532,-1,2
68475,632957,1.262301,42392.633982,42392.755484,1, 0, 0, 1,8.243253,-3.228269,-4.187099,-1,2
68475,632958,1.385606,42392.757287,42392.878789,0, 0, 0, 0,-99.000000,-99.000000,-99.000000,-1,1
68475,632959,1.415615,42392.787295,42392.908798,1, 0, 0, 1,0.357457,1.850327,-3.710437,-1,2
68475,632960,1.527995,42392.899676,42393.021178,1, 0, 0, 1,-8.131269,-0.026571,-17.032310,-1,2
68475,632961,1.608474,42392.980154,42393.101657,0, 0, 0, 0,-99.000000,-99.000000,-99.000000,-1,1
68475,632962,1.713130,42393.084810,42393.206313,1, 0, 0, 1,-0.178514,-1.336860,9.728157,-1,2
68475,632963,1.748902,42393.120582,42393.242085,0, 0, 0, 0,-99.000000,-99.000000,-99.000000,-1,1
68475,632964,1.855893,42393.227573,42393.349076,0, 0, 0, 0,-99.000000,-99.000000,-99.000000,-1,1
68475,632965,1.881156,42393.252836,42393.374339,1, 0, 0, 1,1.000290,-3.823431,14.709685,-1,2
68475,632966,1.929698,42393.301377,42393.422881,0, 0, 0, 0,-99.000000,-99.000000,-99.000000,-1,1
68475,632967,1.960635,42393.332314,42393.453818,1, 0, 0, 1,6.163999,-5.998865,-9.370778,-1,2
68475,633143,0.055450,42409.933416,42410.054952,1, 0, 0, 1,-0.996147,8.011131,-16.512518,-1,2
68475,633144,0.129789,42410.007756,42410.129292,1, 0, 0, 1,-5.403814,4.487605,20.027424,-1,2
68475,633145,0.233321,42410.111287,42410.232824,0, 0, 0, 0,-99.000000,-99.000000,-99.000000,-1,1
68475,633146,0.539822,42410.417788,42410.539325,1, 0, 0, 1,-7.942910,3.320580,7.489039,-1,2
68475,633147,0.594609,42410.472574,42410.594111,0, 0, 0, 0,-99.000000,-99.000000,-99.000000,-1,1
68475,633148,0.661567,42410.539532,42410.661070,0, 0, 0, 0,-99.000000,-99.000000,-99.000000,-1,1
68475,633149,0.968109,42410.846074,42410.967612,0, 0, 0, 0,-99.000000,-99.000000,-99.000000,-1,1
68475,633150,1.105821,42410.983785,42411.105323,0, 0, 0, 0,-99.000000,-99.000000,-99.000000,-1,0
68475,633151,1.191851,42411.069815,42411.191354,1, 0, 0, 1,4.752139,7.523768,-4.250959,-1,2
68475,633152,1.227000,42411.104964,42411.226502,1, 0, 0, 1,-1.402509,-4.631537,15.231856,-1,2
68475,633153,1.231210,42411.109175,42411.230713,1, 0, 0, 1,-6.368563,3.142717,-14.443174,-1,2
68475,633154,1.262642,42411.140606,42411.262145,1, 1, 0, 1,-3.743614,0.236857,13.365759,-1,2
68475,633155,1.348634,42411.226598,42411.348136,0, 0, 0, 0,-99.000000,-99.000000,-99.000000,-1,0
68475,633156,1.467115,42411.345079,42411.466618,1, 0, 0, 1,7.252490,-1.189190,-6.043944,-1,3
68475,633157,1.520952,42411.398916,42411.520455,1, 0, 0, 1,8.342543,-5.516625,-1.314369,-1,2
68475,633158,1.521831,42411.399795,42411.521334,1, 0, 0, 1,4.704315,-5.078410,17.071319,-1,2
68475,633159,1.633880,42411.511843,42411.633382,1, 0, 0, 1,-7.154237,-0.270302,-1.638129,-1,2
68475,633160,1.750463,42411.628426,42411.749966,1, 0, 0, 1,-7.675422,-0.676395,-9.908073,-1,2
68475,633161,1.952539,42411.830502,42411.952042,1, 0, 0, 1,-2.722005,-3.279489,8.801161,-1,2
68475,633456,0.012769,42440.251119,42440.372714,0, 0, 0, 0,-99.000000,-99.000000,-99.000000,-1,1
68475,633457,0.109527,42440.347877,42440.469473,0, 0, 0, 0,-99.000000,-99.000000,-99.000000,-1,0
68475,633458,0.116342,42440.354692,42440.476288,1, 0, 0, 1,-2.394872,1.063510,4.989166,-1,2
68475,633459,0.221671,42440.460020,42440.581616,1, 0, 0, 1,0.317909,-5.655113,6.850188,-1,2
68475,633460,0.224661,42440.463011,42440.584607,0, 0, 0, 0,-99.000000,-99.000000,-99.000000,-1,0
68475,633461,0.519821,42440.758170,42440.879766,1, 0, 0, 1,3.372009,2.562788,4.316416,-1,2
68475,633462,0.612125,42440.850473,42440.972070,1, 0, 0, 1,3.385624,-4.142568,14.752559,-1,2
68475,633463,0.724336,42440.962684,42441.084281,0, 0, 0, 0,-99.000000,-99.000000,-99.000000,-1,1
68475,633464,0.904603,42441.142951,42441.264548,0, 0, 0, 0,-99.000000,-99.000000,-99.000000,-1,1
68475,633465,1.006825,42441.245173,42441.366771,1, 0, 0, 1,3.104194,1.914321,-14.365709,-1,2
68475,633466,1.091193,42441.329540,42441.451138,0, 0, 0, 0,-99.000000,-99.000000,-99.000000,-1,0
68475,633467,1.147538,42441.385885,42441.507483,1, 0, 0, 1,-0.366849,-4.859067,8.104745,-1,2
68475,633468,1.189407,42441.427755,42441.549353,0, 0, 0, 0,-99.000000,-99.000000,-99.000000,-1,0
68475,633469,1.486833,42441.725180,42441.846779,1, 1, 0, 1,-0.391871,-2.430643,1.965758,-1,8
68475,633470,1.513878,42441.752225,42441.873823,1, 0, 0, 1,-2.466090,-0.180630,6.433966,-1,2
68475,633471,1.823174,42442.061520,42442.183120,1, 0, 0, 1,-6.573377,0.737376,-0.606091,-1,2
68475,633472,1.846212,42442.084558,42442.206158,1, 0, 0, 1,0.481720,5.545116,2.685498,-1,2
68475,633473,1.873646,42442.111992,42442.233591,0, 0, 0, 0,-99.000000,-99.000000,-99.000000,-1,1
68475,633474,1.948271,42442.186617,42442.308217,0, 0, 0, 0,-99.000000,-99.000000,-99.000000,-1,0
68475,633475,1.948354,42442.186700,42442.308299,1, 0, 0, 1,9.261629,7.572411,12.334170,-1,2
68475,633516,0.130148,42446.493804,42446.615412,1, 0, 0, 1,4.857758,2.259517,-2.687191,-1,2
68475,633517,0.215394,42446.579050,42446.700659,0, 0, 0, 0,-99.000000,-99.000000,-99.000000,-1,0
68475,633518,0.472330,42446.835986,42446.957594,1, 0, 0, 1,4.130518,-5.475625,-10.108593,-1,2
68475,633519,0.550074,42446.913730,42447.035339,1, 0, 0, 1,4.918536,8.593863,6.104983,-1,2
68475,633520,0.621393,42446.985048,42447.106657,0, 0, 0, 0,-99.000000,-99.000000,-99.000000,-1,0
68475,633521,0.970697,42447.334352,42447.455962,0, 0, 0, 0,-99.000000,-99.000000,-99.000000,-1,0
68475,633522,1.011770,42447.375425,42447.497035,0, 0, 0, 0,-99.000000,-99.000000,-99.000000,-1,1
68475,633523,1.079181,42447.442836,42447.564446,0, 0, 0, 0,-99.000000,-99.000000,-99.000000,-1,0
68475,633524,1.079254,42447.442908,42447.564518,0, 0, 0, 0,-99.000000,-99.000000,-99.000000,-1,0
68475,633525,1.126853,42447.490508,42447.612118,1, 0, 0, 1,-2.906919,-4.410133,3.735135,-1,2
68475,633526,1.175916,42447.539571,42447.661181,1, 0, 0, 1,0.183407,3.771396,-11.992656,-1,2
68475,633527,1.211317,42447.574971,42447.696581,1, 0, 0, 1,-0.826597,-4.619297,9.415650,-1,2
68475,633528,1.212820,42447.576475,42447.698085,1, 0, 0, 1,-0.802116,-2.560577,-2.283140,-1,2
68475,633529,1.338487,42447.702142,42447.823752,1, 0, 0, 1,-2.586929,4.274123,21.167052,-1,5
68475,633530,1.447801,42447.811455,42447.933065,1, 0, 0, 1,-2.341489,-9.999981,-0.903814,-1,3
68475,633531,1.475953,42447.839607,42447.961218,1, 0, 0, 1,-8.982770,8.520293,-13.338343,-1,2
68475,633532,1.681518,42448.045172,42448.166783,1, 0, 0, 1,1.488714,-9.173402,-1.886108,-1,2
68475,633533,1.710378,42448.074031,42448.195643,0, 0, 0, 0,-99.000000,-99.000000,-99.000000,-1,1
68475,633534,1.836520,42448.200174,42448.321785,0, 0, 0, 0,-99.000000,-99.000000,-99.000000,-1,1
68475,633804,0.029615,42476.753655,42476.875322,1, 0, 0, 1,-2.030082,-1.776687,7.976171,-1,2
68475,633805,0.199470,42476.923509,42477.045177,1, 0, 0, 1,5.911896,-1.021572,-15.212431,-1,2
68475,633806,0.222421,42476.946461,42477.068129,1, 0, 0, 1,-7.535628,-3.230399,8.643088,-1,2
68475,633807,0.241339,42476.965378,42477.087046,1, 0, 0, 1,-2.965719,-5.836770,15.796028,-1,2
68475,633808,0.241694,42476.965734,42477.087402,1, 0, 0, 1,-1.048177,2.113564,-11.043131,-1,2
68475,633809,0.318752,42477.042792,42477.164460,0, 0, 0, 0,-99.000000,-99.000000,-99.000000,-1,1
68475,633810,0.355616,42477.079655,42477.201324,1, 0, 0, 1,0.714695,-0.110582,-2.589582,-1,2
68475,633811,0.368211,42477.092250,42477.213919,0, 0, 0, 0,-99.000000,-99.000000,-99.000000,-1,0
68475,633812,0.512479,42477.236518,42477.358187,1, 0, 0, 1,-2.177775,-3.921608,16.523426,-1,2
68475,633813,1.093910,42477.817948,42477.939618,1, 0, 0, 1,-0.653975,3.980922,-18.992540,-1,2
68475,633814,1.497183,42478.221220,42478.342891,1, 0, 0, 1,-3.421080,8.549029,15.857334,-1,2
68475,633815,1.658522,42478.382558,42478.504229,0, 0, 0, 0,-99.000000,-99.000000,-99.000000,-1,1
68475,633816,1.671805,42478.395842,42478.517512,1, 0, 0, 1,-1.050927,-4.579167,8.181177,-1,2
68475,633817,1.778606,42478.502642,42478.624313,1, 0, 0, 1,6.647563,8.474909,21.826483,-1,3
68475,633818,1.946889,42478.670925,42478.792596,0, 0, 0, 0,-99.000000,-99.000000,-99.000000,-1,1
68475,633819,2.005118,42478.729154,42478.850826,1, 0, 0, 1,5.782686,2.303768,-15.545175,-1,2
68475,633984,0.221560,42495.452536,42495.574241,1, 0, 0, 1,-2.504087,8.864451,13.993859,-1,2
68475,633985,0.313833,42495.544810,42495.666515,0, 0, 0, 0,-99.000000,-99.000000,-99.000000,-1,0
68475,633986,0.547756,42495.778732,42495.900438,1, 0, 0, 1,-6.319863,5.270353,21.506564,-1,2
68475,633987,0.608715,42495.839691,42495.961396,0, 0, 0, 0,-99.000000,-99.000000,-99.000000,-1,1
68475,633988,0.889560,42496.120535,42496.242241,1, 0, 0, 1,-3.405178,5.501161,0.882544,-1,2
68475,633989,0.911198,42496.142174,42496.263880,1, 0, 0, 1,-7.983172,0.951445,8.871763,-1,2
68475,633990,0.974275,42496.205250,42496.326956,0, 0, 0, 0,-99.000000,-99.000000,-99.000000,-1,1
68475,633991,1.246318,42496.477293,42496.598999,0, 0, 0, 0,-99.000000,-99.000000,-99.000000,-1,1
68475,633992,1.280963,42496.511938,42496.633644,1, 0, 0, 1,8.019348,-3.380246,-1.837632,-1,2
68475,633993,1.288292,42496.519266,42496.640973,1, 0, 0, 1,5.256986,4.704769,-15.857168,-1,2
68475,633994,1.473677,42496.704651,42496.826358,0, 0, 0, 0,-99.000000,-99.000000,-99.000000,-1,1
68475,633995,1.523874,42496.754849,42496.876556,0, 0, 0, 0,-99.000000,-99.000000,-99.000000,-1,1
68475,633996,1.583179,42496.814153,42496.935860,1, 0, 0, 1,-0.560175,-7.490666,2.830910,-1,2
68475,633997,1.697703,42496.928677,42497.050384,1, 0, 0, 1,-1.750510,6.722074,13.197313,-1,2
68475,633998,1.750442,42496.981415,42497.103123,1, 0, 0, 1,-1.980072,6.535711,17.372451,-1,2
68475,633999,1.751701,42496.982675,42497.104382,0, 0, 0, 0,-99.000000,-99.000000,-99.000000,-1,1
68475,634000,1.767609,42496.998583,42497.120290,1, 0, 0, 1,-3.341773,6.375657,-19.319784,-1,2
68475,634285,0.036113,42525.627473,42525.749237,0, 0, 0, 0,-99.000000,-99.000000,-99.000000,-1,1
68475,634286,0.137368,42525.728728,42525.850492,0, 0, 0, 0,-99.000000,-99.000000,-99.000000,-1,0
68475,634287,0.300843,42525.892203,42526.013967,0, 0, 0, 0,-99.000000,-99.000000,-99.000000,-1,1
68475,634288,0.409077,42526.000437,42526.122202,0, 0, 0, 0,-99.000000,-99.000000,-99.000000,-1,0
68475,634289,0.696420,42526.287779,42526.409544,0, 0, 0, 0,-99.000000,-99.000000,-99.000000,-1,0
68475,634290,0.705861,42526.297220,42526.418985,1, 0, 0, 1,2.019287,6.024354,-2.836353,-1,2
68475,634291,0.895009,42526.486368,42526.608133,1, 0, 0, 1,3.956274,6.977542,-1.718829,-1,2
68475,634292,0.936975,42526.528334,42526.650100,1, 0, 0, 1,-9.595811,1.150720,8.940848,-1,3
68475,634293,1.034288,42526.625647,42526.747413,1, 0, 0, 1,-5.194956,1.299022,2.879744,-1,2
68475,634294,1.142141,42526.733499,42526.855265,0, 0, 0, 0,-99.000000,-99.000000,-99.000000,-1,0
68475,634295,1.300462,42526.891820,42527.013587,0, 0, 0, 0,-99.000000,-99.000000,-99.000000,-1,1
68475,634296,1.330417,42526.921775,42527.043541,1, 0, 0, 1,-7.609333,5.263175,11.664875,-1,2
68475,634297,1.449341,42527.040698,42527.162465,0, 0, 0, 0,-99.000000,-99.000000,-99.000000,-1,1
68475,634298,1.783037,42527.374393,42527.496161,0, 0, 0, 0,-99.000000,-99.000000,-99.000000,-1,1
68475,634299,1.811193,42527.402550,42527.524317,1, 0, 0, 1,1.523926,-1.121112,11.615800,-1,2
68475,634300,1.889154,42527.480510,42527.602278,0, 0, 0, 0,-99.000000,-99.000000,-99.000000,-1,1
68475,634301,1.941438,42527.532794,42527.654562,0, 0, 0, 0,-99.000000,-99.000000,-99.000000,-1,1
68475,634339,0.166528,42531.883130,42532.004906,1, 0, 0, 1,4.635385,8.438947,5.882882,-1,2
68475,634340,0.222975,42531.939577,42532.061354,1, 0, 0, 1,0.372098,-2.717719,-2.754373,-1,2
68475,634341,0.346361,42532.062963,42532.184739,1, 0, 0, 1,-2.836281,-1.691411,8.604080,-1,2
68475,634342,0.368514,42532.085116,42532.206892,1, 0, 0, 1,9.999981,-1.496237,18.240467,-1,7
68475,634343,0.562609,42532.279211,42532.400988,0, 0, 0, 0,-99.000000,-99.000000,-99.000000,-1,0
68475,634344,0.626275,42532.342877,42532.464654,0, 0, 0, 0,-99.000000,-99.000000,-99.000000,-1,1
68475,634345,0.637137,42532.353738,42532.475515,1, 0, 0, 1,2.290228,-2.090551,-9.746641,-1,2
68475,634346,0.674227,42532.390828,42532.512605,1, 0, 0, 1,7.547364,3.638299,-14.997803,-1,2
68475,634347,0.915979,42532.632580,42532.754358,1, 0, 0, 1,1.426087,-3.763988,13.364412,-1,2
68475,634348,0.924406,42532.641007,42532.762785,1, 0, 0, 1,2.146271,3.718896,-8.511413,-1,2
68475,634349,0.989737,42532.706337,42532.828115,0, 0, 0, 0,-99.000000,-99.000000,-99.000000,-1,1
68475,634350,1.236822,42532.953422,42533.075201,1, 0, 0, 1,-6.509092,0.424133,15.930009,-1,2
68475,634351,1.262132,42532.978732,42533.100511,1, 0, 0, 1,-5.668191,0.845355,-15.921700,-1,3
68475,634352,1.428353,42533.144952,42533.266731,1, 0, 0, 1,-10.006335,7.131742,2.170514,-1,2
68475,634353,1.466129,42533.182729,42533.304508,1, 0, 0, 1,3.963709,4.046770,-10.508816,-1,2
68475,634354,1.483552,42533.200152,42533.321931,1, 0, 0, 1,-4.026290,-18.020400,7.896660,-1,2
68475,634355,1.622518,42533.339117,42533.460896,1, 0, 0, 1,7.513523,-0.381903,-9.024977,-1,2
68475,634356,1.703903,42533.420503,42533.542282,1, 0, 0, 1,5.380474,-5.857263,-4.028871,-1,2
68475,634357,1.736494,42533.453093,42533.574873,1, 0, 0, 1,-5.919650,6.729259,17.098666,-1,2
68475,634358,1.767932,42533.484531,42533.606311,1, 0, 0, 1,8.175023,13.555574,1.908033,-1,2
68475,634359,1.869383,42533.585982,42533.707762,1, 0, 0, 1,3.750026,-0.742303,-9.561162,-1,2
68475,634622,0.023522,42562.100508,42562.222344,1, 0, 0, 1,-8.359755,1.173436,16.304790,-1,2
68475,634623,0.063738,42562.140724,42562.262560,1, 0, 0, 1,4.708068,3.019442,5.275819,-1,2
68475,634624,0.101457,42562.178443,42562.300279,0, 0, 0, 0,-99.000000,-99.000000,-99.000000,-1,1
68475,634625,0.119586,42562.196572,42562.318408,1, 0, 0, 1,-5.404783,-1.507751,3.877644,-1,2
68475,634626,0.177565,42562.254550,42562.376387,1, 0, 0, 1,5.733364,4.483876,1.858943,-1,2
68475,634627,0.189099,42562.266084,42562.387920,1, 0, 0, 1,-3.534822,1.850234,22.234462,-1,2
68475,634628,0.405084,42562.482069,42562.603905,1, 0, 0, 1,-4.051664,-1.643268,-2.663670,-1,2
68475,634629,0.418577,42562.495562,42562.617399,1, 0, 0, 1,8.105506,6.064446,-19.692460,-1,2
68475,634630,0.435777,42562.512762,42562.634599,0, 0, 0, 0,-99.000000,-99.000000,-99.000000,-1,1
68475,634631,0.437981,42562.514966,42562.636803,1, 0, 0, 1,2.075332,-2.567823,-11.199703,-1,2
68475,634632,0.604408,42562.681392,42562.803229,0, 0, 0, 0,-99.000000,-99.000000,-99.000000,-1,0
68475,634633,0.628692,42562.705676,42562.827514,0, 0, 0, 0,-99.000000,-99.000000,-99.000000,-1,1
68475,634634,0.628988,42562.705972,42562.827809,1, 0, 0, 1,-6.898950,-2.353388,0.266517,-1,2
68475,634635,0.672789,42562.749773,42562.871610,0, 0, 0, 0,-99.000000,-99.000000,-99.000000,-1,0
68475,634636,0.905684,42562.982668,42563.104506,1, 0, 0, 1,7.222633,2.331735,4.930303,-1,2
68475,634637,1.182283,42563.259267,42563.381105,0, 0, 0, 0,-99.000000,-99.000000,-99.000000,-1,1
68475,634638,1.186504,42563.263488,42563.385326,0, 0, 0, 0,-99.000000,-99.000000,-99.000000,-1,1
68475,634639,1.473807,42563.550790,42563.672629,0, 0, 0, 0,-99.000000,-99.000000,-99.000000,-1,0
68475,634640,1.550236,42563.627218,42563.749057,0, 0, 0, 0,-99.000000,-99.000000,-99.000000,-1,1
68475,634641,1.590951,42563.667933,42563.789773,0, 0, 0, 0,-99.000000,-99.000000,-99.000000,-1,1
68475,634642,1.975903,42564.052885,42564.174725,1, 0, 0, 1,-3.721523,8.558349,15.975255,-1,2
68475,634643,2.005421,42564.082403,42564.204243,1, 0, 0, 1,7.104210,-2.980674,0.671613,-1,2
